12/10/2024
Time (s)	Frequency (Hz)	Z' (Ω)	-Z'' (Ω)	Z (Ω)	-Phase (°)	OCP value (V)
7.65623298066987	50000	-24.7767420584891	41.2599873943253	48.1276792169826	120.984938604833	-0.0435402318050987
11.1852879717599	14100	-9.97411661353715	15.9483921579716	18.8104815101817	122.021840577048	
13.1473139668062	3976.4	-6.05202095460081	8.25592231480009	10.2365624553822	126.243356847008	
18.9164039522407	2846.07	-0.167905381894661	9.44960710940361	9.45109870540777	91.0179531682254	
18.9164039522407	2213.61	17.7179698681997	6.68676011155074	18.9377722301188	20.6765017327471	
18.9164039522407	1581.15	-11.3062833582879	5.10150459537387	12.4039264958528	155.714642476977	
15.1643469617137	1121.4	-1.95339743511486	5.61079015435916	5.94110492213082	109.195569909801	
18.9164039522407	948.69	6.04776599961498	-6.58704033061273	8.9422913116951	-47.4439948046681	
20.878430947287	802.602	1.68849001129942	-1.20735735417893	2.07574331239387	-35.5667213616404	
20.878430947287	624.246	20.9205336124561	16.6571486957496	26.7419021257318	38.5271719075938	
20.878430947287	445.89	24.3666708398065	-15.596921720804	28.930928346328	-32.6230001873446	
18.9164039522407	316.23	-27.0271732701694	3.29582767685714	27.2273864895494	173.047395682986	
20.878430947287	267.534	-2.08992097125304	25.5044701857434	25.5899544571997	94.6845400194245	
23.1554669415381	226.341	48.606158713006	16.5158277711198	51.3354773212368	18.7671849613195	
23.1554669415381	176.043	56.8292426099129	53.0463662375687	77.7398211126486	43.0281586064935	
23.1554669415381	125.745	-96.7658983695634	39.7396848902962	104.608229324698	157.673092546494	
20.878430947287	89.178	143.649880388932	162.273927454834	216.721285681335	48.4837562261512	
23.1554669415381	75.447	-331.662522354338	187.185036157766	380.838898349191	150.560310537324	
25.9725079344257	63.8289	-1218.58800542378	-57.682949568155	1219.9524784325	-177.28987617077	
25.9725079344257	49.6447	134.811348177567	-412.183325678156	433.669451961466	-71.8888144114291	
25.9725079344257	35.4605	133.996564151624	-109.938550258776	173.325024267824	-39.3674392981641	
23.1554669415381	25.149	-97.8109365070442	79.1789193669601	125.842284517187	141.009488140467	
25.9725079344257	21.2763	-73.3141135281104	-79.5141735525508	108.154810517877	-132.676852991563	
29.0845559265686	18	3.29799482666492	0.826682173166131	3.40002548404262	14.0719397144322	
29.0845559265686	14	1.11890206681727	0.274291889075304	1.15203206359045	13.7740722663796	
29.0845559265686	10	2.89357220905056	-1.96410788230738	3.49721030284593	-34.1679974526233	
25.9725079344257	7.0921	48.4557707307608	-72.304711048378	87.0398354599863	-56.1715632362465	
29.0845559265686	6	0.919416294665685	2.5564860896257	2.71678991630683	70.2193532321921	
29.0845559265686	2	-5.66819167478757	-9.0299779503966	10.6615617358237	-122.116831348224	
12/10/2024
Time (s)	Frequency (Hz)	Z' (Ω)	-Z'' (Ω)	Z (Ω)	-Phase (°)	OCP value (V)
39.6728288998357	50000	-24.9150407821322	41.1626677730081	48.1157404117026	121.185784031488	-0.0428430657637747
43.0668798912666	14100	-10.1974957281526	15.967530936092	18.946001248832	122.563908263466	
44.9739058864518	3976.4	-6.24816254986525	8.66529766858917	10.6830201223622	125.793704620344	
50.5779938723028	2846.07	-6.9339629536865	4.63604821341154	8.34103022894493	146.233309364228	
50.5779938723028	2213.61	0.576575319159998	-16.1108400769231	16.1211540245373	-87.9503713445634	
50.5779938723028	1581.15	-0.0379360179738836	18.3597965306282	18.3598357233263	90.1183875117857	
46.9709358814098	1121.4	-2.27024115197261	5.06157054396443	5.54738598437483	114.15742900135	
50.5779938723028	948.69	-3.38523939832339	25.3748767508639	25.599691715048	97.5989084503339	
52.4450178675891	802.602	13.4635519158681	-3.1491824104085	13.8269512201823	-13.1650421199504	
52.4450178675891	624.246	14.0421718852199	-4.0640012002084	14.6184368866632	-16.1411837208556	
52.4450178675891	445.89	2.44926802206398	-4.54281967837805	5.16101971263084	-61.6686069963316	
50.5779938723028	316.23	19.4809167619822	-36.7236865819868	41.5708464438635	-62.0552657681177	
52.4450178675891	267.534	7.56449379605003	-32.8421586846368	33.7020615609394	-77.0293464183988	
54.6470528620295	226.341	-23.8787514694425	28.9132551035503	37.4989478842057	129.552468837749	
54.6470528620295	176.043	-35.2728864264702	-64.7240171834195	73.7114300309948	-118.58922177592	
54.6470528620295	125.745	-2.34436373237906	102.696044672046	102.722799964723	91.3077312015236	
52.4450178675891	89.178	-212.34617680587	-76.2961682945728	225.636885505237	-160.236592412466	
54.6470528620295	75.447	-385.154046698113	39.3042862383567	387.154318850558	174.173237944583	
57.3790928551317	63.8289	-1067.09134858494	-747.343036271527	1302.76842151181	-144.994321169596	
57.3790928551317	49.6447	-2.56215544894799	-496.494088954165	496.500699905821	-90.2956719804571	
57.3790928551317	35.4605	-73.5004797484474	-204.721568147785	217.51607064339	-109.749485887021	
54.6470528620295	25.149	-44.6257838655516	-178.854543020572	184.337755613744	-104.009752673031	
57.3790928551317	21.2763	-58.2207552638215	145.071966302563	156.318686504146	111.866739591239	
60.4661398473377	18	1.19158130379381	-1.07073266756612	1.60197829228246	-41.9422714225159	
60.4661398473377	14	2.32389214695227	0.673623430539903	2.41955434674214	16.1652156808972	
60.4661398473377	10	0.89643373809606	0.143526899819245	0.907850988746832	9.09635311089098	
57.3790928551317	7.0921	-128.35914122656	64.2055891926479	143.521520407203	153.425658427876	
60.4661398473377	6	10.3075081212749	1.78188502811164	10.4603937747848	9.80793010519773	
60.4661398473377	2	6.29903126931908	-11.4962365180318	13.1088233266906	-61.2807327072795	
12/10/2024
Time (s)	Frequency (Hz)	Z' (Ω)	-Z'' (Ω)	Z (Ω)	-Phase (°)	OCP value (V)
70.9204558209431	50000	-25.3039633914987	41.1138506315141	48.2766949683671	121.610668200566	-0.0411134418688322
74.4545078120204	14100	-10.6043981974701	15.6622428292576	18.9145211827617	124.100658690855	
76.3865338071425	3976.4	-6.38311006856838	8.51340174997259	10.640587554449	126.861535319389	
82.0956247927285	2846.07	-1.12698071689236	10.3343668002706	10.3956347905639	96.2236114201109	
82.0956247927285	2213.61	9.96983701098785	-7.63294527390738	12.5562535646636	-37.4378064082561	
82.0956247927285	1581.15	7.90958373718792	8.44844643621415	11.5731483219203	46.8867429252076	
78.4135668020248	1121.4	-1.32963718291994	3.06815795776854	3.3438792280855	113.430297507719	
82.0956247927285	948.69	7.34658311038147	-13.3804959979092	15.2646636565568	-61.2309409790977	
83.9626507880147	802.602	-1.37279412321018	2.51188975375289	2.86254324678757	118.657418936328	
83.9626507880147	624.246	9.5679461880015	0.262548861044471	9.57154774114031	1.57182820538958	
83.9626507880147	445.89	1.08837114265462	-9.45760883661166	9.52002713496754	-83.43534247917	
82.0956247927285	316.23	61.8452169265347	45.480057918876	76.7676137768685	36.3302135035436	
83.9626507880147	267.534	13.4053352786429	-7.61139005074989	15.4154556350917	-29.5873953972132	
86.1446827825056	226.341	57.1860094358237	4.6057994027655	57.371186699707	4.60470093276036	
86.1446827825056	176.043	6.7351826489329	-60.773153302446	61.1452275131681	-83.6760037311552	
86.1446827825056	125.745	6.71118323315823	-123.376924154137	123.559319333366	-86.8864202542087	
83.9626507880147	89.178	-39.5118475933213	183.29307957391	187.503437621622	102.164900518806	
86.1446827825056	75.447	-407.21878532305	96.074095055808	418.398578942104	166.725100541602	
88.971726775368	63.8289	-109.335141930204	-1302.19566635954	1306.77761181712	-94.7994196331279	
88.971726775368	49.6447	241.834296542041	377.238453712719	448.098959989361	57.3374968140615	
88.971726775368	35.4605	-135.24157913633	108.044798156453	173.101020031532	141.378564736119	
86.1446827825056	25.149	12.0985782147129	111.148157387723	111.804689013938	83.787760428649	
88.971726775368	21.2763	-33.0811882154658	97.0671056336553	102.549441782207	108.819490206948	
92.0687737675487	18	2.26217324278289	-0.620787362020096	2.34580577397336	-15.3453935037977	
92.0687737675487	14	3.64744693601794	2.83413770778733	4.61911308562246	37.8479064979241	
92.0687737675487	10	-5.7146807489523	8.03437969347167	9.85945399711951	125.423420710989	
88.971726775368	7.0921	-4.94650809161523	-66.6744706361722	66.8577069373023	-94.2429399824799	
92.0687737675487	6	1.58740693360974	9.19059307206947	9.32667474447585	80.2005093546315	
92.0687737675487	2	-15.2481930065398	25.4511064689241	29.6692805854338	120.926545974876	
12/10/2024
Time (s)	Frequency (Hz)	Z' (Ω)	-Z'' (Ω)	Z (Ω)	-Phase (°)	OCP value (V)
7.6752309806219	50000	-16.2395801123742	37.8359533856619	41.1738185116246	113.229506954084	-0.0347421746504934
11.3242869714089	14100	-2.49941597018691	13.9134923405438	14.1362070337979	100.183978177723	
13.1963129666825	3976.4	-0.451018697876293	6.2439506757729	6.26021867887368	94.1314651520655	
18.8503999524073	2846.07	4.80594162792598	-0.178101616065727	4.8092405966719	-2.12233192791416	
18.8503999524073	2213.61	20.4373384181277	20.2069109082696	28.7402861863243	44.6751721936295	
18.8503999524073	1581.15	1.82167434644737	-9.35542316344834	9.5311300479896	-78.9813275008626	
15.1383429617794	1121.4	4.04869564518152	2.76641088105592	4.90356661932275	34.3441890784758	
18.8503999524073	948.69	31.8359047168286	16.844227447557	36.017396178014	27.8831063898284	
20.7124279477061	802.602	5.94722390903978	-12.3862103767592	13.7400029010766	-64.352065965388	
20.7124279477061	624.246	27.3848706729389	26.2755067598461	37.9517245624004	43.8156472251725	
20.7124279477061	445.89	5.8174915424843	-41.824833711342	42.2274782911351	-82.0814315000858	
18.8503999524073	316.23	69.159999941022	-79.7941468747234	105.594561731687	-49.0835368002954	
20.7124279477061	267.534	50.0052600280479	9.91379219567169	50.9785180852842	11.2137638897397	
22.9244609421213	226.341	53.9536539266424	47.9096147326884	72.1548886484522	41.6043461668177	
22.9244609421213	176.043	58.942197245168	-68.9097937508228	90.6793377284441	-49.457876202675	
22.9244609421213	125.745	70.8175427068236	-121.988612054203	141.054407325484	-59.863727106879	
20.7124279477061	89.178	293.222363414607	-106.849528877861	312.083604548315	-20.0216195185442	
22.9244609421213	75.447	-481.497895798893	53.4389179052854	484.454271944886	173.666960687737	
25.6515019352362	63.8289	1596.18185240417	830.494654247435	1799.31038919859	27.4879950668357	
25.6515019352362	49.6447	194.628256182757	-588.418573353416	619.771389765622	-71.6975934195015	
25.6515019352362	35.4605	-97.5752254614018	226.303510484674	246.443103943954	113.324243442261	
22.9244609421213	25.149	60.8398450547636	103.51099016362	120.066697426642	59.5545982656584	
25.6515019352362	21.2763	-149.596559416512	13.3912965816718	150.194731643278	174.884740800691	
28.7085469275179	18	10.0283588482251	-34.6995428006556	36.1196103489961	-73.8804150847842	
28.7085469275179	14	-37.570894998941	-13.596174258257	39.9553263718661	-160.105797808067	
28.7085469275179	10	-27.7858669457133	-61.5402302895887	67.5222507475906	-114.299526326368	
25.6515019352362	7.0921	75.1000435642195	85.4262559203015	113.743842663717	48.6806076608753	
28.7085469275179	6	-98.3019410650333	69.431577702328	120.349555875324	144.766082327812	
28.7085469275179	2	-306.188008995227	-467.940963732921	559.21359281741	-123.197944351831	
12/10/2024
Time (s)	Frequency (Hz)	Z' (Ω)	-Z'' (Ω)	Z (Ω)	-Phase (°)	OCP value (V)
39.1918219010502	50000	-16.4543445350632	38.093142043627	41.4949746937446	113.361945192011	-0.0359896208110609
42.8358758918498	14100	-2.52352717908061	13.8327916302359	14.0610921947438	100.338819766458	
44.7779048869467	3976.4	-0.460406559807419	6.5271615745147	6.54337928139084	94.034791029827	
50.2719878730754	2846.07	4.70402422900366	10.6104594530661	11.6064505234035	66.0904508554888	
50.2719878730754	2213.61	16.7666931926878	-13.9843516370188	21.8330962377193	-39.8299796042187	
50.2719878730754	1581.15	5.27495185995838	-6.44040883632083	8.32490138703383	-50.6811552476843	
46.7999348818415	1121.4	3.5711874477774	1.49168566068883	3.8702074747315	22.6703029098982	
50.2719878730754	948.69	-14.1958905934289	3.19500110067587	14.5509910924968	167.316060321884	
52.10401286845	802.602	11.2080322561829	29.0132793458969	31.1028996310421	68.8781055573661	
52.10401286845	624.246	1.16685857797749	-11.2749135079467	11.3351327099721	-84.091404201313	
52.10401286845	445.89	-15.7958891007916	17.9234536466396	23.8905902628576	131.389636423343	
50.2719878730754	316.23	-68.8729426439601	-40.0675371282614	79.6799206824582	-149.810858896219	
52.10401286845	267.534	42.7428083561328	-42.4496879802455	60.2405484353296	-44.8028641620175	
54.2910468629283	226.341	6.57001287744742	55.3532447531	55.7417866049019	83.2310909208296	
54.2910468629283	176.043	-89.2802476676828	10.0170979109258	89.8404411952649	173.598280196073	
54.2910468629283	125.745	127.721027134681	-25.2788417777306	130.198619861969	-11.195423031039	
52.10401286845	89.178	170.542298498781	-296.992778236013	342.475379993355	-60.1342452020886	
54.2910468629283	75.447	303.12702255772	365.953137373354	475.192266938457	50.3643009342762	
57.0280898560179	63.8289	1526.28435717629	207.101442062003	1540.27106259424	7.72726765171685	
57.0280898560179	49.6447	367.491447038233	-393.060910647371	538.095570624025	-46.9255357608728	
57.0280898560179	35.4605	-212.109078777954	-12.0717211772841	212.452318773447	-176.742650759247	
54.2910468629283	25.149	-32.6392430374886	169.370158754323	172.486436749458	100.907727691687	
57.0280898560179	21.2763	47.8940487136884	-127.255992746699	135.97031879104	-69.3756765309589	
60.0801358483122	18	6.88673493432766	-2.32545634077025	7.26875953987456	-18.6583763274905	
60.0801358483122	14	7.11600160439245	4.08670894063001	8.20601418467828	29.8686859374375	
60.0801358483122	10	-1.85676146215195	2.45119412149907	3.0750472758324	127.143660175394	
57.0280898560179	7.0921	-90.4191718809601	-57.6985535503608	107.26019637052	-147.457115918832	
60.0801358483122	6	3.99440924450292	-5.7226428306256	6.97882126003245	-55.084928548557	
60.0801358483122	2	-16.1800018613031	2.0875842382711	16.314118676277	172.648170761279	
12/10/2024
Time (s)	Frequency (Hz)	Z' (Ω)	-Z'' (Ω)	Z (Ω)	-Phase (°)	OCP value (V)
70.5784088218066	50000	-16.2954604953315	37.9541382141936	41.3044627169634	113.2360770817	-0.0360311407791941
74.2224648126063	14100	-2.63075495749884	13.726722358184	13.9765438626676	100.849298753241	
76.1144888078294	3976.4	-1.21950200694198	6.38175718943511	6.49723094632185	100.818335604192	
81.7635767935668	2846.07	-4.86072425300053	10.7480737956124	11.796089630875	114.33445354779	
81.7635767935668	2213.61	-0.344184217214863	-11.1251075241285	11.130430368984	-91.7720291620894	
81.7635767935668	1581.15	9.59014670632336	4.47214593460527	10.5816351812568	25.0009180767629	
78.1065188028	1121.4	4.40707032282412	4.01430630364369	5.9612854259623	42.3297209850665	
81.7635767935668	948.69	-4.09256633652909	-3.54813346339757	5.41648874207016	-139.075683499234	
83.6156027888909	802.602	10.4093831880064	7.09090861496413	12.5950880640241	34.2628293459415	
83.6156027888909	624.246	-2.88791752970018	14.4137926839268	14.700254664242	101.32964971046	
83.6156027888909	445.89	6.27239884176044	8.76961124299586	10.7818861329267	54.4260383012823	
81.7635767935668	316.23	-3.83932658506383	-12.3971864565921	12.9780838595799	-107.207407074957	
83.6156027888909	267.534	-13.0757855135194	16.7194597242439	21.2253739723515	128.027891165415	
85.8526357832429	226.341	45.9162924012964	30.5156437225085	55.1317550934162	33.6077316628683	
85.8526357832429	176.043	-22.7162979848261	45.5285684980378	50.8810450326635	116.516719863864	
85.8526357832429	125.745	104.095209422578	-23.7250709011334	106.764655265655	-12.8393638108879	
83.6156027888909	89.178	51.1782817633864	-229.613837347867	235.248232354391	-77.4348194699948	
85.8526357832429	75.447	59.9119956136496	433.102325259355	437.226567540755	82.1241322014795	
88.674679776118	63.8289	-1434.66552107743	460.764323122366	1506.84070784897	162.194800583228	
88.674679776118	49.6447	-466.669381602722	-172.038394123563	497.370607070905	-159.763512900774	
88.674679776118	35.4605	-168.305860679248	46.0840371571128	174.501006357215	164.687089930604	
85.8526357832429	25.149	-163.263819391497	-99.0122685617743	190.941100992029	-148.765045468764	
88.674679776118	21.2763	89.6534492535358	3.63851397037605	89.7272519749097	2.3240282740373	
91.8367277681346	18	4.20669554515468	-1.64666244757447	4.51749760662651	-21.37728594118	
91.8367277681346	14	3.03942691586984	0.931920385272841	3.17908659545491	17.0460925253241	
91.8367277681346	10	-2.04200635891388	14.2109629414186	14.3569236848365	98.1769924355717	
88.674679776118	7.0921	48.8301582345395	6.23391545562007	49.2264771755809	7.27532619377546	
91.8367277681346	6	-3.19672183683826	-1.59603190709087	3.57300270788741	-153.468353394493	
91.8367277681346	2	1.17954442287736	-16.7776130236643	16.8190256500598	-85.9784566640024	
