12/10/2024
Time (s)	Frequency (Hz)	Z' (Ω)	-Z'' (Ω)	Z (Ω)	-Phase (°)	OCP value (V)
6.77221898290179	50000	4.03499532198894	-2.19905019503588	4.59532469024333	-28.5901404095656	-0.0270772933959961
10.3412729738908	14100	5.28469241027427	-0.618410481815452	5.32075233357368	-6.67435171399618	
12.2332979691139	3976.4	5.09836665028623	-0.158896754303055	5.10084215392702	-1.78511433833735	
17.8923859548261	2846.07	5.10905935766233	0.182662757694417	5.11232365986012	2.0476076799624	
17.8923859548261	2213.61	4.03275295447204	0.152431294795627	4.03563274982202	2.16465382702797	
17.8923859548261	1581.15	4.38086016572642	-0.194739873717975	4.38518635978726	-2.54526093615494	
14.2153309641097	1121.4	4.92893099663737	-0.357613090281425	4.94188707802529	-4.14976002590054	
17.8923859548261	948.69	4.9023403557141	0.0348413470578328	4.90246416434918	0.407199089476431	
19.7394139501628	802.602	4.58719915962248	0.0201170754896485	4.58724327093816	0.251267950752523	
19.7394139501628	624.246	4.93502617566903	-0.180814372879376	4.93833749271739	-2.09832086783827	
19.7394139501628	445.89	4.02701813361848	0.0686006989077766	4.02760240147693	0.975945537887082	
17.8923859548261	316.23	4.27034550163496	-0.0689311113858621	4.27090180189745	-0.924777348876954	
19.7394139501628	267.534	4.19837871517478	-0.286478405082742	4.20814136081613	-3.90355434766319	
21.9364449446158	226.341	4.38742252514986	-0.186479561230128	4.39138372736305	-2.4337899529673	
21.9364449446158	176.043	3.97744083807544	-0.851578598799513	4.06758180376542	-12.0847004845268	
21.9364449446158	125.745	4.54276693391792	1.18469764887756	4.6947033916057	14.616481155075	
19.7394139501628	89.178	5.49432753125077	1.1667285319148	5.61683990227995	11.9887566427051	
21.9364449446158	75.447	3.17768644313947	0.482547207097654	3.21411619858245	8.63467564709903	
24.7334879375539	63.8289	4.81082713063412	-1.1406168146096	4.94419502028545	-13.3381802565114	
24.7334879375539	49.6447	1.54812204795024	1.0084782568865	1.84762287005831	33.0810409264076	
24.7334879375539	35.4605	1.81033423318581	0.922981438304483	2.0320444806399	27.0143219401211	
21.9364449446158	25.149	5.35646369727499	0.279091041522276	5.3637295932665	2.98261926780682	
24.7334879375539	21.2763	1.69940874253137	0.309093334241232	1.72728942666376	10.3084340160178	
27.9005369295579	18	1.99604338969513	-0.395121112524956	2.03477514902964	-11.1970687088053	
27.9005369295579	14	2.65326734528126	0.868466435227428	2.79178465406136	18.1242865707886	
27.9005369295579	10	3.58054937455979	0.772803842313929	3.66299871722004	12.1795388587554	
24.7334879375539	7.0921	3.57405849288375	1.65561702150695	3.93890363330432	24.8550653427205	
27.9005369295579	6	1.07986419573081	-0.883909177610674	1.39549350248782	-39.3016068664973	
27.9005369295579	2	1.88260236844547	-4.19189401055814	4.59523308151281	-65.8148926477877	
12/10/2024
Time (s)	Frequency (Hz)	Z' (Ω)	-Z'' (Ω)	Z (Ω)	-Phase (°)	OCP value (V)
37.442796905466	50000	4.07527639809356	-2.27721693435693	4.66836102791766	-29.1959496227028	-0.0263128280639648
40.9918498965055	14100	5.31103530928447	-0.690751548981407	5.35576640256897	-7.41027464683224	
42.9338778916024	3976.4	5.02958469048866	-0.164683774584112	5.03228009001975	-1.87536664959758	
48.5429658774408	2846.07	4.25913060698887	0.494399547171871	4.28772952034444	6.62125623077036	
48.5429658774408	2213.61	3.98879766048191	-0.372172864842702	4.00612274120391	-5.33052244759439	
48.5429658774408	1581.15	4.20894382534751	0.571716945921678	4.24759560118251	7.7353622100356	
44.9059068866235	1121.4	4.76408835750955	-0.335840191815703	4.77591106623615	-4.03234461813535	
48.5429658774408	948.69	4.22069121391887	0.379421077169386	4.23771101858684	5.13682426124024	
50.3849908727901	802.602	4.46335303035782	0.320374660754197	4.47483633185145	4.10558788890114	
50.3849908727901	624.246	4.31875644762822	0.270316328739824	4.32720789557351	3.58154176932843	
50.3849908727901	445.89	4.01584565657592	-0.138494831709969	4.0182330887904	-1.9751819018998	
48.5429658774408	316.23	3.89220018847363	-0.0400561881995435	3.89240630013971	-0.589632957215506	
50.3849908727901	267.534	4.13902467825088	-0.657455078055263	4.19091546882426	-9.0256285020195	
52.5720228672684	226.341	4.47337400576645	0.358484056444697	4.48771498807489	4.5817371167521	
52.5720228672684	176.043	5.98658826412829	0.816265881534721	6.04198055554271	7.76434796998697	
52.5720228672684	125.745	5.38407000438509	0.194819016033266	5.38759355010449	2.07230581606929	
50.3849908727901	89.178	4.87239243051018	0.197713855835981	4.87640223583765	2.32369582509909	
52.5720228672684	75.447	3.93877411618483	-0.124939592989818	3.94075518653774	-1.81683734070449	
55.3790678601813	63.8289	5.05753197841094	-0.878624219648406	5.13328454617529	-9.85539804719658	
55.3790678601813	49.6447	2.78891060833302	-0.823590371348572	2.90797583914491	-16.4523442816454	
55.3790678601813	35.4605	2.55301317256958	0.829364016449984	2.68434739389219	17.9967470078194	
52.5720228672684	25.149	4.70262626732371	-0.889114188363441	4.78593959950103	-10.7063961931683	
55.3790678601813	21.2763	2.75982477758168	1.07823797378839	2.96297653231899	21.3401269954789	
58.5111138522736	18	3.62834012208662	0.35454008178333	3.64562075799644	5.58088978073152	
58.5111138522736	14	1.32904214924951	0.450320861076103	1.40326117041771	18.7179804960411	
58.5111138522736	10	3.29170518483988	1.52159135095145	3.62637053583772	24.8087493588629	
55.3790678601813	7.0921	3.319912652183	1.46863274816795	3.63024822389821	23.863204084932	
58.5111138522736	6	3.36464367886831	0.213573133066651	3.37141521751866	3.63201728813663	
58.5111138522736	2	1.94555139431701	-3.90728045853564	4.36486091526217	-63.529918156192	
12/10/2024
Time (s)	Frequency (Hz)	Z' (Ω)	-Z'' (Ω)	Z (Ω)	-Phase (°)	OCP value (V)
67.9833698283585	50000	4.04168063440462	-2.32698153964394	4.66369225360818	-29.931014583914	-0.0256431579589844
71.4974208194864	14100	5.48671311492647	-0.649652933229194	5.52504024774113	-6.75265327647952	
73.4694488145075	3976.4	5.12002157628571	-0.114385793593271	5.12129915660149	-1.27982530298066	
79.0085358005226	2846.07	3.86408154270041	0.400622227492606	3.88479398910665	5.91919273216927	
79.0085358005226	2213.61	4.10944362182992	-0.188764215774167	4.11377670883526	-2.62999005004367	
79.0085358005226	1581.15	4.13663655420333	0.115202600437117	4.1382404015135	1.59523735079447	
75.4214798095791	1121.4	4.8891581326539	-0.393245267217691	4.90494740912528	-4.59852061181778	
79.0085358005226	948.69	4.62816180672959	0.163398695936973	4.63104532941586	2.02200552344784	
80.9255627956826	802.602	4.48705460646492	0.834177228449477	4.56393587705412	10.5314867537076	
80.9255627956826	624.246	4.58598125382054	-0.132850141205231	4.58790510150457	-1.65932301453733	
80.9255627956826	445.89	4.67236800639396	-0.440940355954344	4.69312808100131	-5.39114613008487	
79.0085358005226	316.23	4.53652145403025	-0.500671147381913	4.56406600529587	-6.29793511599034	
80.9255627956826	267.534	4.2496906587471	0.0298022771962957	4.2497951563303	0.401797883444353	
83.1825967899841	226.341	4.52936060659043	-0.156517656305799	4.53206413031288	-1.97913897251995	
83.1825967899841	176.043	2.12733986841649	1.26425122809821	2.47465271977749	30.722481308829	
83.1825967899841	125.745	4.13687759940743	-0.268921388035307	4.14560912115721	-3.71932972006709	
80.9255627956826	89.178	4.73941550948282	-0.64374425353216	4.78293487677618	-7.73502164001937	
83.1825967899841	75.447	4.14853542485195	-0.792932419904474	4.22363445314424	-10.8207469000485	
86.0196407828213	63.8289	0.565733274220331	-1.59485340679092	1.69222088591078	-70.4691668895461	
86.0196407828213	49.6447	3.16870111637186	0.133675355058336	3.1715194884229	2.41565698678808	
86.0196407828213	35.4605	2.57657252792893	0.754121916276468	2.68466494302112	16.3139164879162	
83.1825967899841	25.149	4.86418843510077	-1.25698268636208	5.02397597585639	-14.4891577903585	
86.0196407828213	21.2763	2.38137157488984	1.03246012995822	2.59555475720445	23.4394773490725	
89.1016867750399	18	2.2488489627824	0.25608201661307	2.26338234875155	6.4964295440635	
89.1016867750399	14	2.79725832592334	0.595187249875064	2.85987797018707	12.0119859923635	
89.1016867750399	10	1.82718984165317	0.157472938241869	1.83396304317155	4.92575822288717	
86.0196407828213	7.0921	2.82952914697737	-1.2697315147324	3.10136313789584	-24.1678265679974	
89.1016867750399	6	1.48898205870942	1.22171170113784	1.92604440547347	39.3689224349588	
89.1016867750399	2	6.01878725077841	0.911314615768527	6.08738813441743	8.60985197576292	
