3/26/2024
Time (s)	Frequency (Hz)	Z' (Ω)	-Z'' (Ω)	Z (Ω)	-Phase (°)	OCP value (V)
7.63227398073036	50000	22.8094662700092	-0.866351756554979	22.8259132761161	-2.17516925627563	-0.0406092593544408
10.8663219725652	14100	25.3604304757645	0.274647755843726	25.3619176188607	0.620476143768507	
12.6833489679776	3976.4	25.5997510988092	0.190560502661937	25.600460340122	0.426492853188217	
17.8724279548765	2846.07	25.456238506286	0.487786667144501	25.4609115061021	1.09775438635438	
17.8724279548765	2213.61	24.6056531032022	0.136922588383114	24.606034065455	0.318829393670415	
17.8724279548765	1581.15	24.9279314482034	-0.208378766709663	24.928802377907	-0.478938487798957	
14.5503779632638	1121.4	25.3304467001687	-0.469805963804354	25.3348030912757	-1.06254790277418	
17.8724279548765	948.69	24.3334087368491	-0.208523579209138	24.3343021851387	-0.490980474763254	
19.7944579500238	802.602	24.8289215518961	0.0298006933632878	24.8289394358989	0.0687687192858725	
19.7944579500238	624.246	24.7290628161569	-0.330631562044293	24.7312730160672	-0.76600817975473	
19.7944579500238	445.89	24.2686208662392	-0.37476217201615	24.2715142798061	-0.884705577491244	
17.8724279548765	316.23	24.1736968739772	-0.303987882401104	24.1756081451446	-0.720465089603305	
19.7944579500238	267.534	24.6950789770017	0.129619576269636	24.6954191483948	0.300731431930971	
22.4214969433912	226.341	24.0064421800188	-0.522791094718528	24.0121339466383	-1.24753969388839	
22.4214969433912	176.043	24.8169726375806	1.73918929580086	24.8778397434555	4.00877064951828	
22.4214969433912	125.745	24.518064476543	-0.208826168446666	24.5189537714102	-0.487989939188706	
19.7944579500238	89.178	24.4396299756916	-0.782637142338658	24.4521580692848	-1.83417205305468	
22.4214969433912	75.447	23.6628765245272	0.0336538245180399	23.6629004560921	0.0814871686154468	
25.7835469349028	63.8289	23.3162283078329	-1.10800365233989	23.3425400202417	-2.72068920948879	
25.7835469349028	49.6447	21.7418951905052	-1.3685751112055	21.7849260799738	-3.60181381479674	
25.7835469349028	35.4605	21.3667466256324	0.700090793716489	21.3782129394255	1.87664988080353	
22.4214969433912	25.149	24.6708892335814	-0.561071153917506	24.6772684147861	-1.30280948925552	
25.7835469349028	21.2763	22.8385216718303	-1.74570816502105	22.9051428537804	-4.37101820572051	
29.7256059249501	18	23.1589844309852	-3.31632424753333	23.3952252904175	-8.1492502074314	
29.7256059249501	14	19.5595692664217	-2.59670635992076	19.731184298151	-7.56230166991775	
35.8417029095084	12.5	22.6407269570756	-0.730150668836515	22.6524973710196	-1.84711638663511	
29.7256059249501	10	20.795968385146	-3.64954374486674	21.1137744285973	-9.95364229694541	
25.7835469349028	7.0921	23.2876408706918	-4.98730382823857	23.815696857272	-12.0879235316492	
29.7256059249501	6	19.8319195192774	3.9769349896895	20.2267408084277	11.3392398697454	
29.7256059249501	2	14.2106031426458	-12.6193039693823	19.0049486805264	-41.6057265416404	
