8/29/2024
Time (s)	Frequency (Hz)	Z' (Ω)	-Z'' (Ω)	Z (Ω)	-Phase (°)	OCP value (V)
7.99723997980891	50000	20.3220042192774	4.06736316248418	20.7250403759284	11.3179629696214	-0.0310447105994591
12.3213039688917	14100	24.9759242067438	13.216914784894	28.2574525817909	27.8871761207494	
14.5933359631554	3976.4	31.5422157914351	39.954214769982	50.9043284497429	51.7103539177908	
21.0624369468225	2846.07	36.3235181817389	54.2742296630809	65.3076563552848	56.2072260701945	
21.0624369468225	2213.61	42.7180329689581	67.2336914776585	79.656761235001	57.5694917842721	
21.0624369468225	1581.15	57.5640989357201	87.6551045403921	104.866786153998	56.7066410207765	
16.8553719574443	1121.4	82.9775082667493	109.802876834205	137.629715683881	52.9218331955558	
21.0624369468225	948.69	98.8930573967579	120.33995680788	155.76116976256	50.5872935375867	
23.279468941225	802.602	116.72122444277	128.316726775245	173.461888049601	47.7092868526502	
23.279468941225	624.246	148.60910319557	135.272870105223	200.956251306338	42.3103311568973	
23.279468941225	445.89	191.343751397453	134.69857131415	234.000291266749	35.1440579698627	
21.0624369468225	316.23	231.995520160831	121.250277354187	261.770034826681	27.5933953731858	
23.279468941225	267.534	247.657003132209	111.361319439479	271.542509872264	24.2115184570479	
25.781504934908	226.341	260.982116831697	101.187575400844	279.911755239852	21.1922297034323	
25.781504934908	176.043	277.21735369813	86.5053686617624	290.40082644287	17.330474659212	
25.781504934908	125.745	291.548054020204	66.8976084213031	299.124652637421	12.9231876109506	
23.279468941225	89.178	300.219752878782	50.4931289084718	304.436292326596	9.54706851829833	
25.781504934908	75.447	303.322330381678	44.082341546098	306.508872537743	8.2689984598892	
28.9135549270003	63.8289	302.314104208868	38.896359056676	304.806076631481	7.33151563475252	
28.9135549270003	49.6447	307.61652069239	31.0043836800739	309.175024234288	5.7553525032845	
28.9135549270003	35.4605	309.447987750966	24.0874214434284	310.384054028095	4.45092664072167	
25.781504934908	25.149	313.809796031911	17.949192441179	314.322702958091	3.27361883513882	
28.9135549270003	21.2763	312.059297549081	16.2115309026325	312.48010964065	2.97385162511299	
32.3856059182342	18	313.164920254345	13.6435385952643	313.461980825922	2.49460623283957	
32.3856059182342	14	313.135355821181	11.6267807878626	313.351133868615	2.12642734912632	
32.3856059182342	10	314.898163886945	9.26596569272087	315.034461193673	1.68545784470001	
28.9135549270003	7.0921	315.891292654623	8.78383418757131	316.013392940938	1.59278519934199	
32.3856059182342	6	317.557354055026	8.79056722692946	317.679000229163	1.58564682860357	
32.3856059182342	2	321.442574917103	1.82892672550177	321.447777939597	0.325994936000344	
