8/29/2024
Time (s)	Frequency (Hz)	Z' (Ω)	-Z'' (Ω)	Z (Ω)	-Phase (°)	OCP value (V)
7.58123598085922	50000	20.2797097895513	4.08228749084558	20.6865101045666	11.3814851423751	-0.0284320831298828
11.6102979706868	14100	25.0652306333097	13.314364452242	28.3820028797852	27.9767301199786	
13.8523289650262	3976.4	31.4508409817747	40.2900212073629	51.1120456189207	52.0240036217156	
20.4514299483651	2846.07	36.2107343671989	54.4154333729839	65.3625020373416	56.3582317629909	
20.4514299483651	2213.61	42.5832733835328	68.5069637307988	80.6631220054721	58.1353111634984	
20.4514299483651	1581.15	58.7684453054934	88.4246384901777	106.172721806231	56.3913447690612	
16.2293649590248	1121.4	83.9186297620716	110.571546943725	138.810674714418	52.8032030855878	
20.4514299483651	948.69	100.283764645314	120.084090097882	156.451341145012	50.1343097251516	
22.6384609428434	802.602	117.681717191044	128.194695556766	174.019730289197	47.4483138467085	
22.6384609428434	624.246	149.637890859719	135.80798263213	202.077476546879	42.2261773974476	
22.6384609428434	445.89	192.908747993865	133.173942002863	234.412209326099	34.6191356691521	
20.4514299483651	316.23	232.956463026585	120.71602638848	262.375823377233	27.392800530573	
22.6384609428434	267.534	248.113138435381	111.301988371417	271.934297358177	24.1607033195056	
25.1605009364758	226.341	261.002259962415	101.697125572983	280.115128215695	21.2879171299999	
25.1605009364758	176.043	276.563931813422	85.4588463548721	289.466445033625	17.1712608622467	
25.1605009364758	125.745	291.5742894239	67.2859864784021	299.237314233075	12.9945444022662	
22.6384609428434	89.178	299.743942950338	50.6378077126959	303.991149386563	9.58883378834112	
25.1605009364758	75.447	303.509040514933	43.2057160454543	306.568869217499	8.10184713005275	
28.2875479285808	63.8289	303.017506773045	40.1661645369816	305.66800647854	7.5507629880681	
28.2875479285808	49.6447	306.723113987804	32.431988631771	308.432979010006	6.03585750168836	
28.2875479285808	35.4605	308.40752633887	23.8209265452743	309.326104368733	4.41666951356593	
25.1605009364758	25.149	313.101094218403	17.1139403469451	313.568464860483	3.12864373552889	
28.2875479285808	21.2763	312.546238582104	16.8668379019809	313.001024714989	3.08902168349108	
31.7746009197768	18	313.465262442213	14.8170742538726	313.815258468115	2.70627877065122	
31.7746009197768	14	313.59102116044	12.3104186146749	313.832558793564	2.2480651469234	
31.7746009197768	10	314.394313862109	9.97674500891487	314.552571170225	1.81756984091786	
28.2875479285808	7.0921	316.220808149994	8.80893559299851	316.343479233122	1.59567088896775	
31.7746009197768	6	315.902246540866	10.0478964437177	316.062002766086	1.82179152070997	
31.7746009197768	2	318.371625208957	3.03391690593	318.386080710173	0.545982615008956	
