8/29/2024
Time (s)	Frequency (Hz)	Z' (Ω)	-Z'' (Ω)	Z (Ω)	-Phase (°)	OCP value (V)
7.62723098074309	50000	20.6700525787442	4.04384304674422	21.0619025777528	11.0694078646659	-0.0339170455932617
11.8162949701667	14100	25.2589269945578	13.2228425604532	28.5106464026148	27.6316911778803	
14.1683279642284	3976.4	31.8116705856141	40.3798431159808	51.4053899461802	51.7685835503309	
20.7674319475673	2846.07	36.6993798284101	54.1596459382362	65.4225628353477	55.8778503849808	
20.7674319475673	2213.61	44.048756491468	67.8248069141777	80.8733415990098	56.9983292766562	
20.7674319475673	1581.15	59.8122134945643	87.8352595532974	106.266333821745	55.7467403603327	
16.5153659583027	1121.4	85.4495763886752	108.818576772867	138.358638168624	51.8592935363016	
20.7674319475673	948.69	102.000635225389	118.418689812014	156.291764604463	49.2598412490544	
22.9094609421592	802.602	119.532252318252	124.967209998768	172.929936445806	46.2734132787664	
22.9094609421592	624.246	150.806373841494	131.229374566303	199.909257265099	41.029286563268	
22.9094609421592	445.89	192.222167608199	127.666181665456	230.75531556398	33.5905029740833	
20.7674319475673	316.23	229.273271347587	114.103166909342	256.097180096083	26.4583001464756	
22.9094609421592	267.534	243.112820576494	104.674535291037	264.689633093276	23.2947540731437	
25.3814999359179	226.341	255.759290970316	95.1858139197423	272.897698944499	20.413732914276	
25.3814999359179	176.043	269.621797758813	79.9847351766011	281.235615966337	16.5232688275463	
25.3814999359179	125.745	282.65287024728	62.2305393263477	289.422329967599	12.4164878076777	
22.9094609421592	89.178	290.812497107124	47.6973997836602	294.69806653557	9.3143951735591	
25.3814999359179	75.447	294.055937002178	40.4688151248521	296.827591513725	7.83598438594007	
28.5685479278714	63.8289	292.870158111256	37.098607474798	295.210494712978	7.21935215430083	
28.5685479278714	49.6447	295.473081345024	28.6599573108435	296.859790056826	5.54017862888226	
28.5685479278714	35.4605	297.751562976513	22.8653887549923	298.62822917111	4.39132552792706	
25.3814999359179	25.149	301.24871481424	16.8350066645315	301.718752527293	3.19859480835288	
28.5685479278714	21.2763	301.054409437464	16.3961090112771	301.500563569042	3.11737892594481	
32.1356019188654	18	302.690082113153	12.5948722255336	302.95200381586	2.3826911560415	
32.1356019188654	14	302.603130460092	12.1407506440444	302.846582266415	2.29753369859497	
32.1356019188654	10	305.118036582828	9.29656925925875	305.259631212764	1.74519163526068	
28.5685479278714	7.0921	306.457792574477	8.31395013830132	306.570547177193	1.55400662900965	
32.1356019188654	6	304.709287220774	9.36328833662742	304.853113625345	1.76006497555069	
32.1356019188654	2	307.953037687039	10.8707597948466	308.144847172871	2.0217048188417	
