8/29/2024
Time (s)	Frequency (Hz)	Z' (Ω)	-Z'' (Ω)	Z (Ω)	-Phase (°)	OCP value (V)
7.53723598097031	50000	20.9305088884702	4.08732713843918	21.3258632994528	11.0497091099056	-0.0399894714355469
11.6862979704949	14100	25.4903751905152	13.276535639033	28.7406615429734	27.5125305096471	
13.8283289650868	3976.4	32.5403127208152	40.3043609561939	51.8007091076523	51.0838228096439	
20.2174269489559	2846.07	38.4706503361025	54.767868042121	66.9291439296951	54.9146045462617	
20.2174269489559	2213.61	45.0297406701362	67.8165231194148	81.4049037394299	56.4160920536151	
20.2174269489559	1581.15	61.5509528928735	86.7556185842628	106.372257463865	54.6452474042108	
16.1503639592243	1121.4	87.0447120448537	106.696414349701	137.698608308343	50.7918613739932	
20.2174269489559	948.69	103.036839449582	115.665021713775	154.903155331991	48.3046771122334	
22.3294579436235	802.602	120.949799448606	121.320043500167	171.310848872862	45.0875610631992	
22.3294579436235	624.246	150.478448538085	125.597290212872	196.006231490852	39.8501656038289	
22.3294579436235	445.89	189.773551550951	121.529295320163	225.351659610656	32.6351376308606	
20.2174269489559	316.23	224.654518299718	108.174131576733	249.341724015173	25.711432308942	
22.3294579436235	267.534	237.227566079948	98.373218907118	256.815514146563	22.5227438588081	
24.8364949372939	226.341	249.671803486365	89.0748344938125	265.085525059808	19.6347583041422	
24.8364949372939	176.043	263.097755167977	75.4646941301486	273.706683942109	16.0045530521384	
24.8364949372939	125.745	274.848995472115	58.8430824323372	281.077353520644	12.0841671024026	
22.3294579436235	89.178	281.878413361962	43.58682303677	285.228419099317	8.7900226053746	
24.8364949372939	75.447	284.886024408437	37.9172418714495	287.398267451949	7.58129246869309	
28.0035439292978	63.8289	285.255065861748	34.817954780887	287.372132564927	6.95904358695576	
28.0035439292978	49.6447	286.601187596484	28.0074537787719	287.966418526336	5.58137877787542	
28.0035439292978	35.4605	289.326143268981	20.8772012070917	290.078394075023	4.12719670397973	
24.8364949372939	25.149	292.702052144521	15.3738446831707	293.105520981704	3.00663327783013	
28.0035439292978	21.2763	291.507810639846	13.3577850627527	291.813697563735	2.62363365589813	
31.5355979203803	18	293.438156824211	13.7966917866188	293.762319885728	2.69191469290668	
31.5355979203803	14	293.006851957931	10.818730551146	293.206514636076	2.11457900790082	
31.5355979203803	10	293.550309508978	8.87259114690819	293.68436643185	1.73124431632743	
28.0035439292978	7.0921	296.627385716722	9.20046842133405	296.770036520382	1.77656914193092	
31.5355979203803	6	296.569393145145	10.420274046576	296.75240026272	2.01231897362637	
31.5355979203803	2	301.352834274273	13.1844798678893	301.641113302753	2.50514853838959	
