9/18/2023
Time (s)	Frequency (Hz)	Z' (Ω)	-Z'' (Ω)	Z (Ω)	-Phase (°)	OCP value (V)
25.8125119348297	10000	34.3169995420794	20.1646778087002	39.8028979937362	30.4385059999497	-0.027009391784668
28.9595589268841	584.8	106.77085282076	181.668476001234	210.721261823963	59.5562406339796	
33.0616219165274	307.8	195.502430806248	282.018591814041	343.155484554635	55.2693199142124	
33.0616219165274	239.4	251.314556954184	322.506331032313	408.863473659609	52.0723303371467	
36.3916689081199	198	303.730972532	351.266513658489	464.371260192773	49.1508850777276	
36.3916689081199	174	341.576517263428	366.804258272263	501.218396542343	47.0396268703382	
33.0616219165274	171	346.474322043585	366.184094698283	504.118286759728	46.5842077581122	
36.3916689081199	146	399.083808824156	381.463731254102	552.071068548151	43.7068248952769	
36.3916689081199	122	458.011346100924	392.730032472627	603.333466304606	40.6120292552841	
33.0616219165274	102.6	514.672076893541	390.94325810265	646.315695144274	37.2201872693503	
36.3916689081199	102	518.497457773569	395.270609507616	651.98042030277	37.3196712029667	
36.3916689081199	82	591.263620494027	386.945077562529	706.625192000382	33.2022393857357	
36.3916689081199	66	658.301641475998	370.810284144738	755.5536499796	29.3918323511293	
36.3916689081199	50	734.057348289555	342.053694821431	809.840058726959	24.9844270902204	
36.3916689081199	38	793.300492387621	311.132347415262	852.132037204666	21.4151049752236	
33.0616219165274	34.2	807.182497197944	296.682687163404	859.979186169763	20.1810765665567	
36.3916689081199	26	858.70967926297	273.247730087384	901.136302263881	17.6514525077216	
36.3916689081199	18	908.852272682597	244.745847937111	941.229506360047	15.0717123412925	
36.3916689081199	14	939.88016398766	232.596017343867	968.233251826076	13.8999535842707	
42.5077648926782	12.5	962.82139411927	232.2680666225	990.441059198541	13.5627248809611	
36.3916689081199	10	978.994713341292	222.565022599603	1003.97501863092	12.8079514231456	
36.3916689081199	6	1049.15375686698	219.391655579627	1071.84714585899	11.8110938716133	
36.3916689081199	2	1205.84186681621	163.606150755265	1216.89012664733	7.72659267234308	
