9/1/2024
Time (s)	Frequency (Hz)	Z' (Ω)	-Z'' (Ω)	Z (Ω)	-Phase (°)	OCP value (V)
8.23523397920803	50000	94.559302044077	1.88055384366808	94.5780000096318	1.1393230928957	-0.00034561157226563
12.2142939691619	14100	97.97627893352	11.5175141746177	98.6509217717779	6.70458382423783	
14.5013249633877	3976.4	99.9989329010885	39.3859747063103	107.475772083398	21.4976923091627	
20.8454239473704	2846.07	100.875020109504	53.945036698171	114.393341879936	28.1365798622336	
20.8454239473704	2213.61	102.824013979182	69.802468431606	124.278567942893	34.1707693055388	
20.8454239473704	1581.15	107.525633170452	97.3287519584147	145.033264275784	42.1503834004779	
16.7183609577902	1121.4	117.421921335303	134.842968222542	178.803058388663	48.9504912110065	
20.8454239473704	948.69	124.236746687416	158.33979057361	201.261666758396	51.8815195915848	
22.9624539420254	802.602	134.249230279374	185.415046446098	228.913947323472	54.0936903481307	
22.9624539420254	624.246	156.540126904035	232.168376042212	280.012439304416	56.0100798191504	
22.9624539420254	445.89	205.688638223681	308.214863329793	370.54583774712	56.282649323801	
20.8454239473704	316.23	290.616414220223	392.022716171267	487.995604702048	53.4495189189526	
22.9624539420254	267.534	347.558037621337	430.065095299546	552.948981109653	51.0565144695091	
25.3944909358851	226.341	415.55994845246	462.433547421696	621.719274704287	48.0559590829268	
25.3944909358851	176.043	531.554212344278	492.147361999178	724.40244794154	42.7955177446553	
25.3944909358851	125.745	696.05193180522	485.020906405531	848.371128351396	34.8694442986717	
22.9624539420254	89.178	842.596081829438	428.349009974783	945.225386593429	26.9473335559195	
25.3944909358851	75.447	900.535572582043	389.630061992487	981.211446475191	23.3964373679507	
28.4715359281163	63.8289	943.855689748832	349.369322652279	1006.4405032995	20.3120936307533	
28.4715359281163	49.6447	995.527457499554	287.987451913131	1036.34535319793	16.1341663595712	
28.4715359281163	35.4605	1039.63525614114	215.38213944255	1061.71132225408	11.7044403994444	
25.3944909358851	25.149	1062.69381744731	156.655164941226	1074.17828610687	8.38576319925334	
28.4715359281163	21.2763	1068.87458061306	134.263514422288	1077.27413427863	7.15954144224272	
31.9985929192113	18	1075.63751158797	113.406119076545	1081.59928077786	6.01854763389542	
31.9985929192113	14	1080.67898308344	88.4423694854818	1084.29198890265	4.6786386469839	
31.9985929192113	10	1084.91042382422	64.1173149383077	1086.80341267284	3.38219948524032	
28.4715359281163	7.0921	1084.37638933674	45.3929333466344	1085.32606720229	2.39705138598784	
31.9985929192113	6	1087.00787936682	38.5442407185968	1087.69103531202	2.03080168612404	
31.9985929192113	2	1087.856622787	13.9690025514288	1087.94630601599	0.735686015751396	
