8/30/2024
Time (s)	Frequency (Hz)	Z' (Ω)	-Z'' (Ω)	Z (Ω)	-Phase (°)	OCP value (V)
6.34620998397736	50000	94.71352702168	1.9321764912376	94.7332333813208	1.16868422214969	-0.000347900390625003
9.29525297653174	14100	98.0797863375294	11.6315341985708	98.7670849819308	6.76326531259971	
10.8822739725249	3976.4	100.131554113616	39.3910398548428	107.601032290837	21.4743226230246	
15.5313469607871	2846.07	100.270451396626	54.7962838665343	114.266338651699	28.655936599553	
15.5313469607871	2213.61	102.627587861886	70.0486016950507	124.254691620803	34.3155448037317	
15.5313469607871	1581.15	107.043302979516	97.0864988336405	144.51317230114	42.20750685223	
12.5192999683918	1121.4	117.460494435349	134.909109302008	178.878270132674	48.9550863074268	
15.5313469607871	948.69	123.782540445712	158.365079478189	201.001531629308	51.9878298680774	
17.0833689568686	802.602	133.880360272666	185.247993256023	228.562398202597	54.1440281821475	
17.0833689568686	624.246	156.71344910083	231.814447778686	279.816088400963	55.9401391072855	
17.0833689568686	445.89	205.893344697447	307.970542212503	370.456372952829	56.2353389679595	
15.5313469607871	316.23	291.708292716424	392.481728799148	489.014964475218	53.37877597569	
17.0833689568686	267.534	347.882200209109	429.716215239631	552.881588463754	51.0076614189866	
18.9353959521927	226.341	415.038930441506	462.883741168674	621.706258308807	48.1194053231562	
18.9353959521927	176.043	532.330294631089	492.524877163944	725.22844484161	42.7757475572992	
18.9353959521927	125.745	696.550290244087	484.973904359922	848.753200140788	34.8476075928453	
17.0833689568686	89.178	842.307350365024	429.24097636435	945.372671632287	27.003453086462	
18.9353959521927	75.447	899.606686544372	390.937197436546	980.879239669637	23.4880585043037	
21.3924329459893	63.8289	943.224438282434	349.967741895692	1006.05653983302	20.3565344115704	
21.3924329459893	49.6447	995.352553650748	287.659542059972	1036.08625036587	16.1194348792179	
21.3924329459893	35.4605	1039.15815531621	216.598828192829	1061.49174473224	11.7739718791392	
18.9353959521927	25.149	1066.08383810468	156.475020143705	1077.50600081716	8.34999753845248	
21.3924329459893	21.2763	1070.1040821749	133.642009008905	1078.41686432442	7.11863725236469	
24.0844739391925	18	1076.09335298192	113.577741321414	1082.07061121516	6.02505420469561	
24.0844739391925	14	1081.285186936	89.3866347375036	1084.97356002665	4.72572650882569	
24.0844739391925	10	1085.17315793968	63.4874302169682	1087.02871926566	3.34823995878644	
21.3924329459893	7.0921	1085.98779780895	45.5000982306668	1086.9405484795	2.39914277972853	
24.0844739391925	6	1086.98232811569	38.4848498400635	1087.6633970595	2.02772276411964	
24.0844739391925	2	1088.29206642381	14.0084852418263	1088.3822212347	0.737470006718883	
