9/2/2024
Time (s)	Frequency (Hz)	Z' (Ω)	-Z'' (Ω)	Z (Ω)	-Phase (°)	OCP value (V)
6.24924598422217	50000	94.7550377616201	1.974803904206	94.7756141191716	1.19393706076995	-0.000344657897949224
9.08228997706942	14100	98.1706752633227	11.5588899428221	98.8488210266922	6.71524728621648	
10.5963089732469	3976.4	100.235448866864	39.4155882165534	107.706702688359	21.466242147853	
15.0713779619484	2846.07	100.925875398678	54.9904818127911	114.93470065647	28.5842033192433	
15.0713779619484	2213.61	102.742681662726	69.5478298817376	124.068365333422	34.0945716939106	
15.0713779619484	1581.15	107.383506874889	96.7128338194805	144.515015739347	42.0071566459311	
12.1653349692855	1121.4	117.45468540011	134.875441090639	178.849064106674	48.9494072840542	
15.0713779619484	948.69	124.262006482523	158.477439087379	201.385562925341	51.9000399782113	
16.600399958088	802.602	134.833102138911	185.396376632571	229.24175427022	53.9727532146328	
16.600399958088	624.246	156.627025257964	232.100998836048	280.005176205459	55.9876289691537	
16.600399958088	445.89	205.260717106083	307.808627789842	369.970422235034	56.3028498631054	
15.0713779619484	316.23	290.216014983784	392.632564634311	488.247545989107	53.5298844988356	
16.600399958088	267.534	347.838531717343	430.330691356755	553.331860704641	51.0512110558344	
18.374428953609	226.341	415.495208183822	462.609127780982	621.806620365205	48.0712100639546	
18.374428953609	176.043	531.871018364436	491.166307310957	723.969005975742	42.7215116612753	
18.374428953609	125.745	697.678936871037	485.11824168546	849.762088686882	34.8121113590296	
16.600399958088	89.178	843.206550486465	429.82925302579	946.440950899734	27.010467377923	
18.374428953609	75.447	900.014610149159	390.628176221776	981.13030252882	23.4620132409596	
20.7634639475773	63.8289	942.683914781529	349.141637929087	1005.26257590922	20.3231072874358	
20.7634639475773	49.6447	995.611455761014	288.066513707971	1036.44801469366	16.137074453748	
20.7634639475773	35.4605	1039.63438372283	215.612571158729	1061.75723810126	11.7166262182506	
18.374428953609	25.149	1064.74094241967	157.822549721398	1076.37411324562	8.43134738362361	
20.7634639475773	21.2763	1068.71203510027	133.280324104683	1076.99074218937	7.10872140512466	
23.4025029409144	18	1075.1072562667	114.628587156176	1081.20087193395	6.08591874765162	
23.4025029409144	14	1080.19795175724	89.1625747857208	1083.8715697549	4.71865750227117	
23.4025029409144	10	1084.73309308202	63.9600576700111	1086.61712309554	3.37447361376773	
20.7634639475773	7.0921	1086.15741043101	46.2950468739044	1087.1435745104	2.44062807853039	
23.4025029409144	6	1086.09092771202	37.7630349452136	1086.74723375154	1.99135375746014	
23.4025029409144	2	1088.11461259539	12.4640448858232	1088.18599630694	0.656278233656714	
