9/4/2024
Time (s)	Frequency (Hz)	Z' (Ω)	-Z'' (Ω)	Z (Ω)	-Phase (°)	OCP value (V)
6.11324298456555	50000	94.7203007441571	1.86173209362332	94.7385951946302	1.12600633325432	-0.000347328186035159
9.00728697725879	14100	97.8295592831943	11.542570154478	98.5081397414197	6.72902074002731	
10.5293079734161	3976.4	100.066332232803	39.51652977921	107.586369825907	21.5492295017094	
15.0833779619181	2846.07	100.740826804009	53.936640846466	114.271061126411	28.1645974869657	
15.0833779619181	2213.61	102.899080792833	70.0629241206818	124.487084327453	34.2505454693936	
15.0833779619181	1581.15	106.856287501302	97.5171708922941	144.664663264385	42.3836133875772	
12.1563329693082	1121.4	117.426485808709	134.900551569936	178.849485275345	48.9615029726792	
15.0833779619181	948.69	123.696692260263	158.724937032536	201.232396278811	52.0701860753972	
16.6204019580375	802.602	134.148552326071	185.507942052202	228.930187296529	54.1277345556329	
16.6204019580375	624.246	156.431455173743	232.42270218146	280.16265393001	56.0575839715981	
16.6204019580375	445.89	206.39290697315	307.914003340188	370.687288022949	56.1662905844929	
15.0833779619181	316.23	290.793893102021	392.217768010431	488.257991033955	53.4464191687646	
16.6204019580375	267.534	348.250165994051	429.670785262638	553.077898512584	50.9750727519015	
18.4174269535005	226.341	416.067363079081	461.529334263229	621.386656603631	47.9654314196491	
18.4174269535005	176.043	532.461195949542	491.796154532379	724.829899221088	42.7264383625284	
18.4174269535005	125.745	697.211696253089	484.792462115768	849.192487435198	34.812061924998	
16.6204019580375	89.178	842.179634997595	428.164640232599	944.770605358885	26.9488114931683	
18.4174269535005	75.447	898.202249053235	389.830454112001	979.15017395569	23.4614166947563	
20.7994629474864	63.8289	943.593018774282	348.848386505426	1006.01341037135	20.289462659007	
20.7994629474864	49.6447	996.099858549879	287.943238501919	1036.882942671	16.1230299898038	
20.7994629474864	35.4605	1038.35162409562	216.650625864296	1060.71277401067	11.7856005972133	
18.4174269535005	25.149	1063.97767381458	156.812518357126	1075.47136469987	8.38408168217963	
20.7994629474864	21.2763	1069.82939798338	133.960153004899	1078.18377996637	7.13722234856862	
23.4365029408285	18	1074.59943658484	114.064731599575	1080.63625337268	6.05904594484213	
23.4365029408285	14	1080.14708136559	89.5688099316092	1083.85436710619	4.74028073906936	
23.4365029408285	10	1083.83429970072	64.1939748671431	1085.73369461254	3.38958821509086	
20.7994629474864	7.0921	1085.15597897997	44.9283519083439	1086.08565754326	2.37084402735749	
23.4365029408285	6	1086.33692307285	38.8398974902649	1087.03102442775	2.0476287493431	
23.4365029408285	2	1088.11566967992	13.3352388775059	1088.1973806249	0.702144706909081	
