8/29/2024
Time (s)	Frequency (Hz)	Z' (Ω)	-Z'' (Ω)	Z (Ω)	-Phase (°)	OCP value (V)
8.30123597904139	50000	94.689721746269	2.00454843796112	94.7109371658098	1.21275055687599	-0.0003509521484375
12.6003009681873	14100	98.07691193462	11.5591371953579	98.7557305037652	6.72175093657247	
14.8423339625267	3976.4	100.179161394787	39.4261021704222	107.658171590062	21.4824121175594	
21.4114339459413	2846.07	101.463502940247	55.2599654828509	115.535735658157	28.5739923792985	
21.4114339459413	2213.61	102.908272628434	70.4226488122633	124.697482096085	34.3847911345502	
21.4114339459413	1581.15	107.611724501777	97.3049989177678	145.081170606778	42.1206124864756	
17.1793679566263	1121.4	117.611170468725	134.921651196421	178.986701686444	48.9213453931791	
21.4114339459413	948.69	124.177090153619	158.423073957424	201.290387453399	51.90951244021	
23.5184639406216	802.602	134.408394985596	185.335462817203	228.942897728388	54.0497461583079	
23.5184639406216	624.246	156.851586748848	232.306112508869	280.300820859687	55.973032595589	
23.5184639406216	445.89	205.643818504928	308.613496482606	370.852626120548	56.3225962180451	
21.4114339459413	316.23	290.870432428368	391.931854226123	488.073956299854	53.4192116759557	
23.5184639406216	267.534	348.364859111481	429.950167580082	553.367167137609	50.9840614494935	
26.0405019342541	226.341	415.382106748864	462.290356365968	621.493900369182	48.0593303719057	
26.0405019342541	176.043	532.74743464992	492.647412088534	725.617875857259	42.7604803915622	
26.0405019342541	125.745	696.20537078895	484.943022629272	848.45250515995	34.8592052609068	
23.5184639406216	89.178	843.12375133734	429.293515943475	946.123978609706	26.9838400009357	
26.0405019342541	75.447	900.984761277418	390.469356124575	981.957156970948	23.4309749341058	
29.1225489264726	63.8289	944.812843869947	349.192802209393	1007.27698427814	20.283777616386	
29.1225489264726	49.6447	995.993853147163	288.807503570616	1037.02147018547	16.1705292156119	
29.1225489264726	35.4605	1039.78199905499	215.565297615011	1061.89218054124	11.7125112402067	
26.0405019342541	25.149	1065.00597030742	156.164866898649	1076.39452917781	8.34199515058751	
29.1225489264726	21.2763	1069.29793137111	133.68670931706	1077.622476697	7.12630722904381	
32.5846009177318	18	1075.60036109651	113.863931445679	1081.61043434095	6.04287183971935	
32.5846009177318	14	1081.31324382107	89.407328052938	1085.00322652627	4.72669348306074	
32.5846009177318	10	1084.84840428919	63.9444865764389	1086.73131805995	3.37329622910323	
29.1225489264726	7.0921	1086.57071598293	46.4911080253	1087.56486885017	2.45002049886291	
32.5846009177318	6	1087.32692679365	38.4548536154785	1088.00671941726	2.02550201899365	
32.5846009177318	2	1087.81933851188	13.3074935679321	1087.90073197212	0.700874823013477	
