12/10/2024
Time (s)	Frequency (Hz)	Z' (Ω)	-Z'' (Ω)	Z (Ω)	-Phase (°)	OCP value (V)
5.98424798489123	50000	94.7897359922369	1.97499687850106	94.8103088390079	1.19361673386091	-0.000347900390625003
8.78329097782432	14100	98.0154071093245	11.6613137595076	98.706667806204	6.78483197297495	
10.2903119740195	3976.4	100.150036469041	39.5726698876423	107.684845762003	21.5606537892442	
14.6993779628876	2846.07	100.936126329947	54.5549871210782	114.73599356033	28.3907872677134	
14.6993779628876	2213.61	102.976632509908	70.5987834907245	124.853414344385	34.4337798291681	
14.6993779628876	1581.15	107.120503240981	97.9837813936127	145.174459292234	42.4493476014034	
11.842335970101	1121.4	117.818272879029	135.526505237005	179.578893653884	48.998343511048	
14.6993779628876	948.69	125.082581790024	159.247633104618	202.498051636753	51.8517970605918	
16.2014009590954	802.602	134.989269992802	186.055754457847	229.867019774626	54.0379405579681	
16.2014009590954	624.246	157.042113845288	233.0991125072	281.064799953037	56.0313029217461	
16.2014009590954	445.89	206.635631878792	308.774581515253	371.537382442019	56.2090900647762	
14.6993779628876	316.23	292.582083147305	393.29434696152	490.188452261683	53.3534637344192	
16.2014009590954	267.534	349.6372615661	431.969954848804	555.737578869307	51.0132291109714	
17.9584279546593	226.341	417.805182057511	463.643143720722	624.120288785218	47.9768711756891	
17.9584279546593	176.043	533.341343545497	490.715107505406	724.744303509147	42.6164455128511	
17.9584279546593	125.745	699.397983930086	485.171097650532	851.204167001602	34.7489741841363	
16.2014009590954	89.178	845.518647548559	427.348543685828	947.379839949501	26.8132980091778	
17.9584279546593	75.447	901.83417780281	388.675207564693	982.025102137785	23.3152211986834	
20.310462948721	63.8289	941.712229688007	346.749430665008	1003.52234215809	20.2142956176907	
20.310462948721	49.6447	995.304636495656	286.698229199539	1035.77371759275	16.0690846035116	
20.310462948721	35.4605	1040.70936680538	216.230387250806	1062.93535387957	11.7374676734136	
17.9584279546593	25.149	1065.41119017699	155.84244753757	1076.74875092049	8.32189182682319	
20.310462948721	21.2763	1070.19488168536	133.758194892525	1078.52136719049	7.12416420793659	
22.9175009421389	18	1076.19871538287	113.290169499887	1082.14524787435	6.0093268508265	
22.9175009421389	14	1081.29659808966	88.6647300650009	1084.92569671741	4.68768210787129	
22.9175009421389	10	1086.53490230499	63.3419369277572	1088.37966486915	3.33640697957611	
20.310462948721	7.0921	1085.34778538359	46.310652920381	1086.3353496094	2.44326883361304	
22.9175009421389	6	1088.54349872325	37.1394516724815	1089.17688530522	1.95408702033719	
22.9175009421389	2	1089.02873875226	13.9962150107766	1089.11867482977	0.736325748528017	
12/10/2024
Time (s)	Frequency (Hz)	Z' (Ω)	-Z'' (Ω)	Z (Ω)	-Phase (°)	OCP value (V)
30.8157789221976	50000	94.7524776602118	1.91975633712006	94.7719235171623	1.16069670649008	-0.000350379943847657
33.5448199153075	14100	98.134758715264	11.6264645697706	98.8210784523991	6.75659287989344	
35.0318409115531	3976.4	100.059819859547	39.413367554669	107.542461810787	21.4993835074016	
39.4359089004339	2846.07	101.229339870862	54.4585858806927	114.948322418448	28.2790228734656	
39.4359089004339	2213.61	102.379750243904	70.2795466823204	124.180626274297	34.4680191081671	
39.4359089004339	1581.15	108.011027145367	98.1062759856475	145.915123865791	42.2488276650405	
36.5838639076346	1121.4	117.831739392646	135.626819190813	179.663443393791	49.0160909622407	
39.4359089004339	948.69	124.967965579672	159.586329278218	202.693830477442	51.9364142064552	
40.9229308966795	802.602	135.695780372338	186.133067011121	230.345096422355	53.9069913625654	
40.9229308966795	624.246	157.500453294942	232.749941752106	281.03189885442	55.9140298115255	
40.9229308966795	445.89	207.087629011571	309.404156926791	372.311990692232	56.2051665229988	
39.4359089004339	316.23	292.363576556428	394.02491538216	490.644570782949	53.4248579371759	
40.9229308966795	267.534	350.110227416742	431.573300249768	555.727167619399	50.9495970991124	
42.6899568922182	226.341	417.570409021907	463.721567702126	624.021424987027	47.997705037684	
42.6899568922182	176.043	535.436469544709	494.705081649599	728.989252820944	42.7357271101371	
42.6899568922182	125.745	699.186950996437	485.524348075959	851.232215683992	34.7766070257561	
40.9229308966795	89.178	844.191584794945	428.484594006438	946.709289665768	26.9108894283986	
42.6899568922182	75.447	903.920693093454	388.659032484767	983.935192446406	23.2662676307667	
45.0419928862799	63.8289	945.775873567112	342.242560324027	1005.79420018152	19.8933834091658	
45.0419928862799	49.6447	995.029790816299	288.761968762169	1036.08289205803	16.1829582682315	
45.0419928862799	35.4605	1040.52071899422	215.872064607599	1062.67780391527	11.7206212761471	
42.6899568922182	25.149	1065.82042215901	156.428960973971	1077.23868855635	8.34960832455302	
45.0419928862799	21.2763	1070.79169747063	133.391179519263	1079.06814712768	7.10089695313677	
47.6440318797104	18	1077.08053292843	114.233155135922	1083.12127120913	6.05405202277121	
47.6440318797104	14	1082.08402951871	88.1582713061701	1085.66925338205	4.65764718084856	
47.6440318797104	10	1085.99779467468	63.4228691658517	1087.84818351252	3.34230873423127	
45.0419928862799	7.0921	1085.37205234216	45.8241400198414	1086.33896359009	2.41757789386371	
47.6440318797104	6	1087.58641530828	38.1102353589092	1088.25392294364	2.006886584009	
47.6440318797104	2	1089.84957552038	12.1389307482568	1089.917176166	0.63814379164746	
12/10/2024
Time (s)	Frequency (Hz)	Z' (Ω)	-Z'' (Ω)	Z (Ω)	-Phase (°)	OCP value (V)
55.5872638596556	50000	94.804573069098	1.85179233066675	94.822656626198	1.11900081810274	-0.000348663330078127
58.3263068527402	14100	98.135528810315	11.5637517421415	98.8144846125003	6.72042999488044	
59.8133278489859	3976.4	100.120111362018	39.6489922073686	107.685093129007	21.6042722037903	
64.2173948378667	2846.07	100.89417810373	54.5895402355335	114.7155311122	28.4159315151527	
64.2173948378667	2213.61	102.977994333934	69.880362444942	124.449718249887	34.1606232287389	
64.2173948378667	1581.15	107.890442248622	97.1469789845916	145.182240836942	42.0005831707174	
61.3703498450548	1121.4	117.659586377855	135.62714705566	179.550832036684	49.0576297420248	
64.2173948378667	948.69	124.403246865237	159.584874586794	202.345002477194	52.0620579606618	
65.714416834087	802.602	135.243407488078	186.117981732051	230.066691185401	53.9958135932902	
65.714416834087	624.246	156.756507545462	233.368342491656	281.128771091031	56.1102360804177	
65.714416834087	445.89	206.580763753849	309.563575086824	372.162893063856	56.2836665527163	
64.2173948378667	316.23	292.371418260978	393.016791721368	489.84001958894	53.3538564105157	
65.714416834087	267.534	349.417626566318	431.564481449236	555.284232986843	51.0045225928358	
67.4814428296257	226.341	417.951530541564	463.116941325251	623.827526824916	47.9345327143505	
67.4814428296257	176.043	535.155917366957	492.224355463217	727.10155549555	42.6071498429137	
67.4814428296257	125.745	699.438243965131	483.892126053664	850.508933978803	34.6766344629159	
65.714416834087	89.178	844.867006970327	429.237885871294	947.65258514619	26.9330192779609	
67.4814428296257	75.447	901.746909337803	390.968631003443	982.855004020932	23.4400130867593	
69.8484788236495	63.8289	940.974000328721	349.683450117298	1003.84788916477	20.3860029883182	
69.8484788236495	49.6447	996.833687233897	289.614350659165	1038.05292356029	16.2003918478745	
69.8484788236495	35.4605	1040.83694411874	215.800388644697	1062.97288393526	11.7133758764946	
67.4814428296257	25.149	1066.09806595422	155.820019559662	1077.42515504646	8.31542499507699	
69.8484788236495	21.2763	1070.25063595341	133.842641937023	1078.58716688053	7.12824818488818	
72.5505198168275	18	1076.948808615	113.498233691007	1082.91300916937	6.01612000554638	
72.5505198168275	14	1081.31442730953	88.8533864786106	1084.95890014159	4.69753462373652	
72.5505198168275	10	1086.44482208724	63.7828660313641	1088.31548984628	3.35985691814953	
69.8484788236495	7.0921	1086.76083724032	45.7501062987873	1087.72339755364	2.41059583961723	
72.5505198168275	6	1088.07055662124	38.3833242058045	1088.74736085244	2.02035694784297	
72.5505198168275	2	1089.03938220056	14.1077202353698	1089.13075604081	0.742184011499212	
