8/31/2024
Time (s)	Frequency (Hz)	Z' (Ω)	-Z'' (Ω)	Z (Ω)	-Phase (°)	OCP value (V)
6.18924898437365	50000	94.6183242291594	1.96186675279613	94.6386612388936	1.18783101806754	-0.000341796874999995
9.03329097719313	14100	98.0039149980883	11.5763712332484	98.6852558687593	6.73664873210243	
10.550310973363	3976.4	100.025893110843	39.2801817664076	107.462142041855	21.4399428072203	
15.0343829620418	2846.07	101.410915052389	54.9175232695091	115.326094418479	28.437079674016	
15.0343829620418	2213.61	102.375865350347	69.3100955525551	123.631335638408	34.0986276126326	
15.0343829620418	1581.15	107.033848460557	97.1000030946152	144.515242508365	42.2139909175553	
12.122337969394	1121.4	117.340647159747	134.718271361393	178.655646746668	48.9438854910817	
15.0343829620418	948.69	124.71091968091	158.660735365615	201.806943474242	51.8318536777031	
16.5464039582243	802.602	134.31258381541	185.572838441028	229.078913342611	54.1040010433098	
16.5464039582243	624.246	156.782202858915	231.94493615247	279.962698479757	55.9434385367241	
16.5464039582243	445.89	206.262464936634	308.146535265319	370.807890473972	56.2030380244573	
15.0343829620418	316.23	290.630053510833	391.48737797264	487.573784278443	53.4107672982316	
16.5464039582243	267.534	348.079367278123	429.748390555655	553.030672847279	50.9938822950284	
18.3484309536747	226.341	415.019568697677	462.185194519255	621.173402871378	48.0777210835449	
18.3484309536747	176.043	531.620894368023	491.713377439441	724.156627313152	42.7667373361226	
18.3484309536747	125.745	696.647214418557	484.570670003758	848.6024249229	34.821525035983	
16.5464039582243	89.178	843.015534258714	428.042895075879	945.460687192463	26.919277647635	
18.3484309536747	75.447	898.287962179193	390.181160981893	979.368470689773	23.4782414091509	
20.7404659476354	63.8289	943.389377630428	349.840682014313	1006.16699439912	20.3464836633089	
20.7404659476354	49.6447	994.67877143972	288.371820351322	1035.63708176444	16.1676413025125	
20.7404659476354	35.4605	1038.94454686603	215.947140562449	1061.14981929027	11.7418783982356	
18.3484309536747	25.149	1064.9003819263	157.187282961574	1076.43888138232	8.39665505750478	
20.7404659476354	21.2763	1068.21390999435	134.520813957897	1076.65073579751	7.17750922920214	
23.3725079409901	18	1074.44092030568	114.047270947083	1080.47677959213	6.05901247376734	
23.3725079409901	14	1079.42456628929	88.7640259940041	1083.06807109224	4.70101082710429	
23.3725079409901	10	1083.93075979045	64.11883668527	1085.82554641056	3.38532939227396	
20.7404659476354	7.0921	1085.81498392641	46.6864780624644	1086.81820308319	2.46201389483815	
23.3725079409901	6	1085.86210187271	37.8924912768096	1086.52305322003	1.99859557662834	
23.3725079409901	2	1087.74577945682	12.8121441311509	1087.82123152812	0.67483400449599	
