9/23/2024
Time (s)	Frequency (Hz)	Z' (Ω)	-Z'' (Ω)	Z (Ω)	-Phase (°)	OCP value (V)
5.93124798502504	50000	94.7116389277347	1.95107868398491	94.7317331014729	1.18013758612655	-0.000347900390625003
8.72928897796066	30871	96.6523939107491	5.71331519357771	96.8211093676363	3.38293087922097	
10.1983079742517	19060	97.5639915582888	8.88888382899945	97.9680800287078	5.20574573659118	
11.7673339702903	11768	98.2006370983952	13.6773831619885	99.1485548895724	7.92914555403277	
13.3513589662911	7265.5	98.6584236577547	22.107091570243	101.104935865308	12.6300422047775	
14.9103809623549	4485.8	99.7880710598431	35.0977928729039	105.780500047946	19.3779629757528	
16.4794049583935	2769.6	101.739997265549	56.0850640884012	116.174702312482	28.8661357274561	
25.5465429355012	2236.32	102.544988767911	69.692902414376	123.986190232424	34.2012995036185	
25.5465429355012	1739.36	105.756326024824	88.0905188589184	137.638439424103	39.7928584079273	
18.0284279544826	1710	107.082257402636	89.6111359751927	139.630818737157	39.9240729405425	
27.0355639317418	1380.69	110.751453957475	111.27621572629	156.997709346533	45.1354181605412	
25.5465429355012	1242.4	113.626425158384	122.97540699867	167.433315743201	47.2627833454245	
27.0355639317418	1073.87	119.241459708283	141.614080957178	185.129883159657	49.9020523631182	
19.5574519506222	1055.8	119.887537891865	142.950935233068	186.568999637619	50.0147125860609	
28.5095879280202	852.471	130.67376765292	175.983637354451	219.193690988387	53.4048718385153	
27.0355639317418	767.05	137.743937944514	193.215449370924	237.288015534014	54.5148027848862	
25.5465429355012	745.44	139.825769611282	197.901382999934	242.314265450209	54.7571638806073	
28.5095879280202	663.033	150.029121514201	219.812132490844	266.131754761613	55.6851580781335	
21.1364759466355	651.84	152.314104132933	223.674715180657	270.610355546432	55.7466027783879	
30.1586109238568	526.32	177.895991039126	268.818681346047	322.351465125288	56.504626272809	
28.5095879280202	473.595	194.357821582779	293.551825665095	352.061979148152	56.4918429509789	
27.0355639317418	460.23	200.169298829088	300.503497498141	361.067999416099	56.3318983354579	
30.1586109238568	409.36	223.051321189999	328.789226108287	397.308755364755	55.846946608896	
22.7004999426867	402.45	227.620169935594	332.992545432231	403.354654212574	55.6450755539226	
31.8426379196051	324.954	282.54289523069	385.178229519756	477.695254468071	53.738534747678	
30.1586109238568	292.4	317.212720467283	410.677504480038	518.921884980973	52.3170289475339	
28.5095879280202	284.157	326.267868141366	417.062900692389	529.5207124518	51.9639653475497	
31.8426379196051	252.742	370.68865913798	441.77661628664	576.694599169427	50.0004518270473	
25.5465429355012	248.48	377.139312808081	445.062436464618	583.364923197456	49.7225528916545	
33.7466679147979	200.628	466.913981368683	479.74872945822	669.453142060242	45.7767622354846	
31.8426379196051	180.53	520.145638663613	490.733471808549	715.101968794696	43.3334132494983	
30.1586109238568	175.44	534.452323413469	491.755273507971	726.266159906239	42.6174893002978	
33.7466679147979	156.044	588.093918960046	495.830117178439	769.221660263782	40.1347011187327	
27.0355639317418	153.41	598.602886321137	496.075315567263	777.44204557456	39.6492861552613	
35.6706949099402	123.876	702.292667441812	483.564716915606	852.672168062383	34.5494156251649	
33.7466679147979	111.46	749.534766827676	470.498413681365	884.969561035915	32.1173388700895	
31.8426379196051	108.318	764.667543106304	465.254500879119	895.085583655837	31.3180137133626	
35.6706949099402	96.348	811.270468730624	444.02287827046	924.833006473055	28.692678594594	
28.5095879280202	94.719	819.968420904548	441.413308499448	931.232473768568	28.2948970590484	
37.8097279045396	76.4802	893.876469979631	393.444898874393	976.634031781366	23.7569721074443	
35.6706949099402	68.82	923.500451646407	367.447663785727	993.916933054622	21.6969041218033	
33.7466679147979	66.876	932.536231949098	361.873743452326	1000.28817352702	21.2089063594289	
37.8097279045396	59.4846	961.433045010493	334.377065024909	1017.92019414727	19.1771776830108	
30.1586109238568	58.48	964.885358575543	329.973252282291	1019.74805830421	18.8797554662416	
40.3487668981292	47.2194	1003.60582010147	277.163123305425	1041.17435574545	15.4384124714423	
37.8097279045396	42.489	1018.43184251325	253.37070317534	1049.47612220217	13.9707126219728	
35.6706949099402	41.292	1022.38291951779	246.167230724752	1051.60122651337	13.5378697608339	
40.3487668981292	36.7262	1035.57038607987	223.126261868575	1059.33533560486	12.1591892019896	
31.8426379196051	36.106	1039.40245690785	219.198415385622	1062.2642857282	11.908548110569	
43.0978068911885	29.1537	1055.42600346664	180.098461655679	1070.68179431814	9.68371085059354	
40.3487668981292	26.233	1060.63622716936	163.017384806649	1073.09080423478	8.73785487177071	
37.8097279045396	25.4934	1061.99121984112	159.164212716477	1073.85222336655	8.52367027833004	
43.0978068911885	22.6751	1068.4018539232	141.646683110713	1077.75057610878	7.55212307552167	
33.7466679147979	22.292	1067.33363581898	140.556331972999	1076.54873211029	7.50206807678468	
45.9468508839954	18	1076.05222097296	113.986622440071	1082.07270197346	6.04681348164581	
43.0978068911885	16.1965	1078.43982784285	103.139966584444	1083.3606578535	5.46304535221859	
40.3487668981292	15.7398	1078.05595269067	100.414561224719	1082.72236572343	5.32141056917104	
45.9468508839954	14	1081.15010925906	88.7812188993234	1084.78922541668	4.69444648191932	
35.6706949099402	13.764	1079.86599317724	88.3593899399249	1083.4749397246	4.67777192157011	
45.9468508839954	10	1085.66577946901	64.2119494598895	1087.56303686889	3.3848286977902	
43.0978068911885	9.7179	1084.28451505225	61.7808601900938	1086.04317790221	3.26109914112101	
37.8097279045396	8.4978	1085.34196783515	55.4495564228345	1086.75748925497	2.92466873913959	
45.9468508839954	6	1087.60001828543	39.7568878715476	1088.32642617356	2.09349764964688	
40.3487668981292	5.2466	1087.59580564273	34.0647215680277	1088.12914753129	1.79398164838681	
43.0978068911885	3.2393	1088.12880777708	23.0909838934866	1088.37378498912	1.21568087453957	
45.9468508839954	2	1088.55825461494	13.5441099856799	1088.64251093076	0.712851420458555	
9/23/2024
Time (s)	Frequency (Hz)	Z' (Ω)	-Z'' (Ω)	Z (Ω)	-Phase (°)	OCP value (V)
54.0020908636578	50000	94.6268179925573	1.95697544092415	94.6470519153816	1.18476404735725	-0.000349998474121095
56.7301328567702	30871	96.6884213582178	5.88969155044644	96.8676379979592	3.48581569525339	
58.1991528530613	19060	97.7059858033795	8.94506956820027	98.1145959141153	5.2308975316749	
59.7681778490999	11768	98.1760358826092	13.634053703034	99.1182195259812	7.90629995034746	
61.3562008450905	7265.5	98.5310143817291	22.0446106191036	100.966953269079	12.6112530322727	
62.9152258411543	4485.8	99.6533503298355	35.0183301036145	105.627049921915	19.3615482943992	
64.4842498371929	2769.6	101.798550535897	55.9497233472295	116.160735336176	28.7937311320917	
73.556386814288	2236.32	102.857956973957	69.615035702173	124.201499623278	34.0904361385745	
73.556386814288	1739.36	105.830126416674	88.7995611063131	138.149837893655	39.9992187794023	
66.033272833282	1710	106.790576298675	89.6451264572193	139.429107017631	40.011708130105	
75.0554078105033	1380.69	110.082104222103	110.589907506457	156.039089052239	45.1318469588977	
73.556386814288	1242.4	113.839516200897	123.342097064497	167.847276883249	47.29430407739	
75.0554078105033	1073.87	119.945685413724	141.166306051358	185.242795847919	49.6462275258338	
67.5622948294216	1055.8	119.946919253556	142.968877110573	186.620907887293	50.0042834432177	
76.5294328067818	852.471	130.834584695397	175.083960957482	218.568254641378	53.2304262154798	
75.0554078105033	767.05	137.479111888813	192.368110263587	236.444488309879	54.4478647737132	
73.556386814288	745.44	140.259964164612	197.598488236815	242.318014396233	54.631988791742	
76.5294328067818	663.033	150.474726956911	219.689385856388	266.281936508494	55.5910759803188	
69.141317825435	651.84	152.254042936208	223.654106334456	270.559518166862	55.7546593118566	
78.1784568026184	526.32	177.710216819249	269.216122675022	322.580597479323	56.5711009515692	
76.5294328067818	473.595	194.882064263817	293.079283028459	351.958072946483	56.3782165000997	
75.0554078105033	460.23	200.487421783386	300.574829178715	361.303797695462	56.2961832837366	
78.1784568026184	409.36	223.791763595024	328.480408714826	397.469662191255	55.7336265639085	
70.7053448214862	402.45	227.450291717808	332.929994088539	403.207162841027	55.6599883123177	
79.8574827983792	324.954	282.752290726988	385.231644607283	477.862195531506	53.7220787293713	
78.1784568026184	292.4	316.474346776576	409.769346016324	517.751802606526	52.3202606225322	
76.5294328067818	284.157	326.299045122483	416.950580268897	529.451464474709	51.9538186031137	
79.8574827983792	252.742	370.251181457023	441.819524165604	576.446380250793	50.0365033174393	
73.556386814288	248.48	377.42314986475	444.381910150681	583.02960141231	49.6580370851345	
81.761509793572	200.628	466.751975894624	479.988015925029	669.511689541849	45.8009800300344	
79.8574827983792	180.53	519.216540223008	490.27105750431	714.108903086599	43.357582881367	
78.1784568026184	175.44	532.778239501611	492.257374649202	725.3757477218	42.7362090957572	
81.761509793572	156.044	589.428376641469	495.408956587773	769.971327685378	40.0467328500443	
75.0554078105033	153.41	599.320876423092	496.163689377318	778.051360498171	39.6205595105981	
83.6855397887143	123.876	702.261758718415	484.431466969237	853.138572535698	34.5985367064739	
81.761509793572	111.46	749.579517254376	469.253774280778	884.346401227516	32.0474995321523	
79.8574827983792	108.318	764.604685990509	465.532339249091	895.176342809268	31.3352968875447	
83.6855397887143	96.348	811.223049277099	445.161655710309	925.338713873562	28.7559416194557	
76.5294328067818	94.719	819.382564246913	441.905801925598	930.950333996047	28.3386775526603	
85.8245727833138	76.4802	893.545380728377	393.327663729536	976.283769442039	23.758502742338	
83.6855397887143	68.82	925.358372239513	366.485371766568	995.288724337135	21.6058916500283	
81.761509793572	66.876	932.0509428753	359.418449283335	998.949739376298	21.0876884330756	
85.8245727833138	59.4846	963.624188784128	330.756154407807	1018.80872144309	18.9443659311926	
78.1784568026184	58.48	966.895922591589	329.769532019523	1021.58488113941	18.8324563194012	
88.3636097769033	47.2194	1003.56137834878	276.851689383359	1041.04865305505	15.4225417868389	
85.8245727833138	42.489	1018.51190580473	253.220109810285	1049.51747306956	13.9616793077415	
83.6855397887143	41.292	1022.61124877851	247.797932279047	1052.20605461578	13.621288743946	
88.3636097769033	36.7262	1034.6478553669	223.56973150551	1058.52709434419	12.1931724024131	
79.8574827983792	36.106	1038.79871746057	219.583600699588	1061.75314131577	11.9356095107495	
91.1076527699753	29.1537	1054.26621878754	180.52465736893	1069.61040196641	9.71666574935202	
88.3636097769033	26.233	1059.89691822404	163.316282610649	1072.40556014344	8.75963933733217	
85.8245727833138	25.4934	1062.46630105514	158.373166119281	1074.20514829545	8.47818777456994	
91.1076527699753	22.6751	1067.66262322532	142.549192540716	1077.13682943551	7.60488150885286	
81.761509793572	22.292	1067.79682572597	140.823605038709	1077.04287229737	7.51294747165933	
93.9616937627695	18	1075.03937345338	113.937520126135	1081.06031883865	6.04988031787055	
91.1076527699753	16.1965	1077.42898809813	102.586032317277	1082.30176864901	5.43894852735877	
88.3636097769033	15.7398	1078.16502369339	99.3079536934742	1082.72890789087	5.26256826300802	
93.9616937627695	14	1080.94115243161	89.1911547292734	1084.61460302825	4.71693247806545	
83.6855397887143	13.764	1080.94229401657	88.7240742416556	1084.57743123478	4.69233627976846	
93.9616937627695	10	1085.52857205752	64.5945906488802	1087.44873069692	3.40538105352181	
91.1076527699753	9.7179	1084.95862111389	62.87359451585	1086.77886362254	3.3165939172064	
85.8245727833138	8.4978	1084.6485995304	55.3469044776111	1086.05978854689	2.92112669625219	
93.9616937627695	6	1087.18665732851	38.3245724889045	1087.86194010526	2.01890574271388	
88.3636097769033	5.2466	1087.09308986258	33.1321263257318	1087.59786861774	1.74570473167166	
91.1076527699753	3.2393	1087.32129873617	21.9531328640244	1087.54289420135	1.15665074384901	
93.9616937627695	2	1088.41242915393	13.8505178550393	1088.50055249486	0.72907416685407	
9/23/2024
Time (s)	Frequency (Hz)	Z' (Ω)	-Z'' (Ω)	Z (Ω)	-Phase (°)	OCP value (V)
101.991935742495	50000	94.6826314479594	1.97070307962659	94.7031381134657	1.19236935554259	-0.000347900390625003
104.719975735607	30871	96.706675600442	5.71108131772447	96.8751648024755	3.37971753597387	
106.188996731899	19060	97.6996911164979	8.82313290137165	98.0972849698418	5.16030963469429	
107.758022727937	11768	98.0720764826357	13.5685079791618	99.0062452292608	7.87700415356905	
109.342045723938	7265.5	98.5774887419324	22.2291376506468	101.052737950821	12.7076004439859	
110.906068719989	4485.8	99.6021533824116	34.9061527931169	105.541595881576	19.3133085455714	
112.475093716028	2769.6	101.856956050548	55.9792581744733	116.22614525849	28.7926227681879	
121.532230693161	2236.32	102.508537171439	69.1133154219635	123.631106771897	33.9886404554675	
121.532230693161	1739.36	105.935030300886	89.1027371110522	138.425172586242	40.0674393390174	
114.024116712117	1710	106.940235571968	89.6202739417809	139.527801837439	39.9643787498921	
123.036252689363	1380.69	110.709171126237	110.827736160399	156.650271860273	45.0306643055097	
121.532230693161	1242.4	113.980899329137	122.613330079495	167.408703850971	47.0895798963712	
123.036252689363	1073.87	119.14738739316	141.091531357479	184.669759688516	49.8199535753517	
115.553138708256	1055.8	119.882478130144	142.962335573569	186.574483666107	50.0181528274144	
124.530275685591	852.471	130.425060964696	175.758967114777	218.865052141492	53.4220816514741	
123.036252689363	767.05	138.131821522699	193.692886373959	237.901942718117	54.5054843913112	
121.532230693161	745.44	139.620404406626	198.512227292831	242.695203313602	54.87997532525	
124.530275685591	663.033	150.370948539337	220.009324566134	266.487382554346	55.6483563721349	
117.127162704282	651.84	152.099978632824	223.617006812761	270.442173552876	55.7772176440935	
126.199300681377	526.32	178.05981617879	268.991221033693	322.585763992804	56.4972731655924	
124.530275685591	473.595	194.924236397883	293.474124234928	352.310260325691	56.4080604419727	
123.036252689363	460.23	199.259545199486	300.596529769139	360.64198322208	56.4603826206965	
126.199300681377	409.36	223.619900149914	328.462131670165	397.357813166378	55.7526227210179	
118.691187700334	402.45	227.580331681486	333.119251016833	403.436789059043	55.6599010802541	
127.878325677138	324.954	282.556070524636	385.851014891367	478.245688619376	53.784936001877	
126.199300681377	292.4	316.480881270197	410.642361301418	518.447005107335	52.3786626042367	
124.530275685591	284.157	326.53216846154	416.792209476665	529.470492965033	51.9233899462747	
127.878325677138	252.742	370.052215844804	442.203113562734	576.612726269743	50.0761382076073	
121.532230693161	248.48	377.092750693596	445.72175765837	583.838015099847	49.7678691158101	
129.792354672306	200.628	467.023322875031	480.791900804381	670.277282912322	45.8322570705016	
127.878325677138	180.53	519.283357346818	491.53135247191	715.023269327822	43.4273345105653	
126.199300681377	175.44	534.043859839467	491.340815348978	725.68494614401	42.615245042414	
129.792354672306	156.044	588.901999612332	495.79779928985	769.818824742589	40.094094439691	
123.036252689363	153.41	599.507043848956	495.246970795981	777.610608021206	39.559782803753	
131.721384667435	123.876	702.484167516457	484.138255589766	853.155235661595	34.5738465184595	
129.792354672306	111.46	749.700852910543	470.053254739079	884.873680897786	32.0872084617165	
127.878325677138	108.318	764.722755056369	465.379814293457	895.197890777685	31.3230287818774	
131.721384667435	96.348	812.031289178256	444.504515419975	925.731645150606	28.6962199030989	
124.530275685591	94.719	819.71359351953	441.319096899474	930.963436816328	28.2972256311111	
133.860417662035	76.4802	894.298033908956	394.62173597696	977.494392801766	23.8101525395206	
131.721384667435	68.82	925.830314533108	368.697613326199	996.543878301858	21.7141554306481	
129.792354672306	66.876	932.799183396869	360.309568550442	999.968650376036	21.1199027127494	
133.860417662035	59.4846	961.098886743745	334.604316834271	1017.67928098404	19.1954420372381	
126.199300681377	58.48	967.915460300426	330.38262130853	1022.74777670317	18.8465266477286	
136.404453655612	47.2194	1003.28520392629	276.483523267365	1040.6845530975	15.407045533326	
133.860417662035	42.489	1019.77279908317	253.441315796901	1050.79449099374	13.9567965784858	
131.721384667435	41.292	1021.93151797738	246.873279823688	1051.32794299707	13.5810379871983	
136.404453655612	36.7262	1035.43316011357	223.165349098601	1059.20942315534	12.1628196005452	
127.878325677138	36.106	1038.402630337	219.359354243065	1061.31924932357	11.9281874472946	
139.053496648924	29.1537	1054.77461401859	180.720162784526	1070.14450594998	9.72238897577193	
136.404453655612	26.233	1059.61253964651	163.700602725807	1072.18311006512	8.78225155667143	
133.860417662035	25.4934	1061.85676544336	159.68118807952	1073.79601049004	8.55201380243236	
139.053496648924	22.6751	1068.27638210647	142.96702176275	1077.80053714878	7.62257997112008	
129.792354672306	22.292	1067.96611826977	140.889719033549	1077.21935681715	7.51525646228313	
141.912538641705	18	1075.83842971131	113.973830427008	1081.85875273342	6.04733250223476	
139.053496648924	16.1965	1078.44731764921	102.851780967301	1083.34071546902	5.4478352942045	
136.404453655612	15.7398	1078.39308524	100.991323812532	1083.11167188746	5.35013539662243	
141.912538641705	14	1080.94712580946	88.9370188950549	1084.59968750026	4.70352685081924	
131.721384667435	13.764	1081.16922591344	87.4593588681318	1084.70089633774	4.62477512050858	
141.912538641705	10	1085.38006533937	64.2805414875102	1087.28187433159	3.38932588367027	
139.053496648924	9.7179	1084.89841770376	61.8931164109637	1086.66247501015	3.26516707932804	
133.860417662035	8.4978	1085.51917324514	53.9765754017021	1086.86031585246	2.84664239474696	
141.912538641705	6	1087.11366612114	38.0635329901975	1087.77982864688	2.00530019008613	
136.404453655612	5.2466	1086.13331990274	33.8318885312385	1086.66010568371	1.7841252381662	
139.053496648924	3.2393	1087.36306409826	20.3902271536688	1087.55422601751	1.07428428500591	
141.912538641705	2	1089.41850110202	13.1471589104359	1089.49782851128	0.691414871373064	
