4/25/2023
Time (s)	Frequency (Hz)	Z' (Ω)	-Z'' (Ω)	Z (Ω)	-Phase (°)	OCP value (V)
10.0499319746264	10000	97.1907871336239	16.0756410959597	98.5112954959963	9.3918580432974	0.000134658813476565
12.6399689680871	584.8	163.499619543788	246.727866654675	295.984401235826	56.4686831584079	
17.3380429562256	307.8	299.84436501719	399.282317901304	499.332567154597	53.0949788447019	
17.3380429562256	239.4	391.953222180626	452.927239155819	598.974467191288	49.127811771986	
20.8710939473056	198	474.646338548235	482.133215381422	676.566023438418	45.4483349245514	
20.8710939473056	174	537.795061657004	492.420307276784	729.178501713554	42.4780974197699	
17.3380429562256	171	546.546521380002	493.083114025626	736.100575580396	42.0561328188421	
20.8710939473056	146	623.753021650784	494.789492293565	796.168621400396	38.4230633620439	
20.8710939473056	122	711.240299684145	480.932595688733	858.579597644095	34.0661101744773	
17.3380429562256	102.6	787.211651658806	454.635092181165	909.062842464679	30.0075452160331	
20.8710939473056	102	790.92603237446	454.830391974742	912.378580497977	29.9015107958874	
20.8710939473056	82	871.193099925483	408.947842476857	962.401036587268	25.1458887597931	
20.8710939473056	66	936.116075167863	356.272443924515	1001.62036744848	20.8361118814001	
20.8710939473056	50	994.192686608388	288.069298946734	1035.08599599322	16.1590500123192	
20.8710939473056	38	1032.04518038101	228.94553674525	1057.13448205194	12.5077587675218	
17.3380429562256	34.2	1041.84232503147	207.220225049145	1062.25027742825	11.2492012762558	
20.8710939473056	26	1060.83601400258	161.301371604953	1073.02897495199	8.64566894134966	
20.8710939473056	18	1075.65579540748	113.161870024996	1081.59188191353	6.00557865487039	
20.8710939473056	14	1079.01610918763	88.554893453614	1082.64386251481	4.69175192380401	
20.8710939473056	10	1083.60377816817	63.09451662505	1085.43911210555	3.33237339179456	
20.8710939473056	6	1087.64380843807	38.9978930016804	1088.34272620909	2.05348283291534	
20.8710939473056	2	1085.93451014376	11.2955243782996	1085.99325467157	0.595949874568515	
