4/26/2023
Time (s)	Frequency (Hz)	Z' (Ω)	-Z'' (Ω)	Z (Ω)	-Phase (°)	OCP value (V)
2649.50542631064	10000	20.1056254308277	0.1595109180337	20.1062581724626	0.454554904415005	0.00665781121504934
2651.04744730675	584.8	19.4730631374052	-0.52889613752318	19.4802443279763	-1.55579366523256	
2654.15949529889	307.8	18.9030632802987	-0.331417931430359	18.9059683492872	-1.00443526807476	
2654.15949529889	239.4	19.0691940189654	0.189174621539963	19.07013234276	0.568380176176595	
2656.94453629186	198	17.7765549550554	0.281448850411201	17.7787828471327	0.907064619422217	
2656.94453629186	174	18.5689927016229	-1.73268563578574	18.6496565508693	-5.33087306475051	
2654.15949529889	171	18.8652051448333	0.139807670395678	18.8657231862801	0.424604066279479	
2656.94453629186	146	18.0424541789597	0.498434781595366	18.0493376618469	1.58243149169221	
2656.94453629186	122	18.1602222788694	-0.46146201870129	18.1660843445319	-1.45560649856179	
2654.15949529889	102.6	19.044782842013	0.0053795625534477	19.0447836017931	0.0161842864945436	
2656.94453629186	102	18.0681267927577	-0.0740551289089815	18.0682785555593	-0.234834669194618	
2656.94453629186	82	18.2707124886435	-0.524557460352603	18.2782410360484	-1.64452671403837	
2656.94453629186	66	18.2002754611309	0.502474399200769	18.2072103130298	1.58142393218382	
2656.94453629186	50	18.1330876462453	-0.52717026676706	18.1407490494902	-1.66525010215322	
2656.94453629186	38	18.0651409347842	-0.0714781706625414	18.0652823427284	-0.226700480752969	
2654.15949529889	34.2	18.3731687415429	2.03209373647532	18.4852031246355	6.31132828326541	
2656.94453629186	26	17.9751692662238	3.51910096861747	18.3164074473332	11.0770178476918	
2656.94453629186	18	17.9372885081757	8.21409131386051	19.728598914722	24.6046460052749	
2656.94453629186	14	11.3750413502121	3.75102668759889	11.9775526268981	18.2504569264171	
2656.94453629186	10	24.1995210453713	2.24762847900804	24.3036757015274	5.30635395195289	
2656.94453629186	6	24.4254494929442	18.7450654806106	30.7892848699795	37.5040730923101	
2656.94453629186	2	43.1617673398717	0.939110223434734	43.171982672944	1.24644024441561	
