9/23/2024
Time (s)	Frequency (Hz)	Z' (Ω)	-Z'' (Ω)	Z (Ω)	-Phase (°)	OCP value (V)
6.66121598318205	50000	18.4981390776716	0.391110241289162	18.5022732808085	1.21123685729625	-0.00545101165771484
10.2992719739968	30871	20.0539382550526	2.32440498198449	20.1881969986855	6.6115171855089	
12.2382989691013	19060	20.8045020338478	2.89594508647503	21.0050899264977	7.92453758890624	
14.3023319638901	11768	21.2618949291023	3.87998427565215	21.6130158459086	10.3418446487109	
16.2863619588809	7265.5	21.3884510527757	5.9151001931982	22.1913102076591	15.45909171171	
18.3603929536445	4485.8	21.8805165814353	8.77066377312352	23.5728986103035	21.8430623732561	
20.35442294861	2769.6	21.9185729092187	13.3075674685686	25.6420590106809	31.2634690497049	
32.0266029191406	2236.32	21.4463664954192	16.8156375806816	27.2527485421319	38.0992360136743	
32.0266029191406	1739.36	21.4893772574052	22.0497493489587	30.7893614948896	45.7373869352413	
22.393453943462	1710	21.947127194306	21.6166221761663	30.8051090955733	44.5653225533373	
33.925626914346	1380.69	20.9162972020025	28.1726167980362	35.0882861634975	53.4085662400033	
32.0266029191406	1242.4	21.9023311196083	29.9692652501368	37.1196574351922	53.8396782433443	
33.925626914346	1073.87	22.2621184572106	34.9579473384482	41.4446619038036	57.5099691475822	
24.3374829385538	1055.8	22.8192588615451	35.2375108220567	41.9809569200699	57.0735398939358	
35.8396589095136	852.471	23.4881833944994	44.57173319621	50.3818832447515	62.2118962499477	
33.925626914346	767.05	24.8227261861661	49.7355498948092	55.5859034167156	63.4764811101281	
32.0266029191406	745.44	25.1427396579911	50.7910049181907	56.6734817891859	63.6635097782058	
35.8396589095136	663.033	25.8796178239487	57.3667589562037	62.9340897435788	65.7186420272336	
26.4265159332795	651.84	26.1256131049867	58.0765847394914	63.6823158743051	65.7795158398732	
37.9036909043024	526.32	29.6288533065009	71.9690448569547	77.8293798374399	67.6235811998628	
35.8396589095136	473.595	32.0859456559557	79.7076505217568	85.9233231453222	68.072977736612	
33.925626914346	460.23	32.7743673577865	82.4409049435027	88.7167513134176	68.3197139358244	
37.9036909043024	409.36	35.453404277311	91.8433819085768	98.4487210442835	68.8924024587559	
28.4705449281188	402.45	36.7525709539117	93.1466999345076	100.135204500772	68.4674668117423	
39.9427208991543	324.954	45.2498536778268	112.99329499132	121.71702416203	68.1756292020478	
37.9036909043024	292.4	51.0656818536753	124.829113063721	134.870350082796	67.7512804730455	
35.8396589095136	284.157	53.3126109028354	127.593391326051	138.28343353909	67.3232634930174	
39.9427208991543	252.742	60.7563783180158	142.075869468648	154.521487798928	66.8468332282874	
32.0266029191406	248.48	62.4312981005192	143.776846189058	156.746446475152	66.5283771956254	
42.3067538931857	200.628	81.0036357234218	170.598038473706	188.852534352835	64.6006217629142	
39.9427208991543	180.53	95.478173071666	183.689862392129	207.02185169383	62.5355266597289	
37.9036909043024	175.44	98.5116734607804	187.394782452714	211.710543664088	62.2695176420045	
42.3067538931857	156.044	113.860736808612	202.980548422879	232.734549271596	60.7100119881734	
33.925626914346	153.41	118.820671068648	204.631802586997	236.627400153083	59.858152719885	
44.6207918873433	123.876	155.629154936499	230.80159757629	278.369918112602	56.0082739285921	
42.3067538931857	111.46	177.293157322373	241.113606492628	299.280194582297	53.6725970765855	
39.9427208991543	108.318	185.743087832471	243.230538153412	306.0418098364	52.6328240737078	
44.6207918873433	96.348	209.52432774598	253.251170435592	328.6892137634	50.3977517171597	
35.8396589095136	94.719	216.983025675905	253.454052968981	333.647404302616	49.4330361070751	
47.1298298810086	76.4802	268.970729591078	261.12249286865	374.873591572806	44.1517756307753	
44.6207918873433	68.82	296.862644232711	261.10126067036	395.349589432554	41.3327778310676	
42.3067538931857	66.876	303.887355373924	260.811567636662	400.462480850891	40.637869422223	
47.1298298810086	59.4846	333.766613646832	254.531632077474	419.745761280917	37.3292750059499	
37.9036909043024	58.48	341.734607001182	255.883119385164	426.917688095181	36.8250361004009	
50.1938748732726	47.2194	386.97029088598	240.371420213842	455.548488839552	31.8469984440077	
47.1298298810086	42.489	410.151837395128	228.689423859877	469.599171958344	29.1428397043726	
44.6207918873433	41.292	414.337072502119	225.508714052773	471.730208661011	28.5578572824659	
50.1938748732726	36.7262	436.646846810888	212.36189743613	485.549219248229	25.9358340500105	
39.9427208991543	36.106	441.346955017716	209.533029210586	488.560359662523	25.3964073216482	
53.3479218653094	29.1537	470.256237677829	182.774342352833	504.526896505447	21.239594993898	
50.1938748732726	26.233	482.910220372062	170.484097995173	512.120209139438	19.4448031390818	
47.1298298810086	25.4934	485.828380548765	166.371854012644	513.525860258508	18.9037600749223	
53.3479218653094	22.6751	497.375259932703	151.459785553056	519.925202152099	16.9364432835155	
42.3067538931857	22.292	499.363545627242	151.135394730905	521.733512668946	16.8387566993171	
56.6169728570559	18	514.040416959113	124.89000517449	528.994389062854	13.6558520210706	
53.3479218653094	16.1965	519.486694985571	113.695142390966	531.782861392067	12.3451317878851	
50.1938748732726	15.7398	520.958091061095	111.756566452469	532.810344106855	12.1076576660244	
56.6169728570559	14	526.337575572132	101.011347281922	535.942660868548	10.8637517856888	
44.6207918873433	13.764	527.055372150522	99.9421236177256	536.447381749549	10.7371495212074	
56.6169728570559	10	536.43299731641	74.8225418436912	541.626045697415	7.9404781136274	
53.3479218653094	9.7179	537.055092028505	73.0781893242093	542.004237648241	7.74876390881064	
47.1298298810086	8.4978	539.647055469477	62.905786531174	543.301097418349	6.64886955944503	
56.6169728570559	6	543.298250930773	46.8835923106447	545.31739445243	4.93208605700077	
50.1938748732726	5.2466	544.959629847181	41.7987571209631	546.560275047532	4.38603590677167	
53.3479218653094	3.2393	547.416582964669	28.8005795758901	548.173684783045	3.01165819707841	
56.6169728570559	2	549.759325910361	17.8934959672141	550.050446435	1.86419757450249	
9/23/2024
Time (s)	Frequency (Hz)	Z' (Ω)	-Z'' (Ω)	Z (Ω)	-Phase (°)	OCP value (V)
66.2122368328302	50000	18.5110478588853	0.426963787458767	18.5159712386291	1.32131289205169	-0.00581455230712891
69.7152868239858	30871	20.0595780414217	2.32350606359871	20.1936958387381	6.60714123778104	
71.6493158191029	19060	20.8582423147448	2.94337458212961	21.0648932205064	8.03215978258233	
73.7633468137655	11768	21.1917211528295	3.82015507182244	21.5332912066886	10.2187570597198	
75.8473798085038	7265.5	21.4713080566184	5.97922468947683	22.2882973227982	15.5611960133381	
77.8664088034062	4485.8	21.8584865350202	8.7107557570259	23.5302082324024	21.727618565738	
79.8954407982834	2769.6	22.0002857438638	13.3547601138684	25.7363981650624	31.2588672519327	
91.3526157693568	2236.32	21.334636054497	17.1974051480659	27.4028728312301	38.871563024733	
91.3526157693568	1739.36	20.9357467346297	21.4893760632235	30.0016462035536	45.7476424687831	
81.9394717931227	1710	22.1064654776173	21.5215380181816	30.8524296382168	44.231872553908	
93.1666417647768	1380.69	22.5839558327942	26.8981817482725	35.1218912136106	49.9828775780965	
91.3526157693568	1242.4	21.4608580655637	30.7997572754685	37.5392258462804	55.1317331587777	
93.1666417647768	1073.87	22.6697731133475	35.0065026355918	41.7058010327862	57.0734112884975	
83.7935007884417	1055.8	22.8216624664741	35.3512078501301	42.0777396517062	57.1549455419711	
95.1256727598308	852.471	23.0087427755068	44.5242731349681	50.1179922014707	62.6715026721658	
93.1666417647768	767.05	25.4871831459154	48.5386865457516	54.8233581268073	62.2964810035203	
91.3526157693568	745.44	25.1750351746102	51.2040897687557	57.0582264453571	63.8184708846578	
95.1256727598308	663.033	26.228066437453	57.3471123339742	63.0603105137685	65.4227112968533	
85.8175307833316	651.84	26.2912702934028	57.925394490443	63.6127520275157	65.5875765004736	
97.1447017547332	526.32	29.0178412019769	71.8389181739725	77.4781599705999	68.004776158116	
95.1256727598308	473.595	31.7310100948201	79.512983380943	85.6105806999093	68.2446874584196	
93.1666417647768	460.23	32.2047819534875	81.2007933750642	87.3539742966028	68.3663893667873	
97.1447017547332	409.36	36.8517052045819	91.7220099287098	98.8482436963234	68.1109208739502	
87.796558778335	402.45	36.7569703074545	93.1486716573682	100.138653364799	68.4655393960523	
99.2337327494589	324.954	45.7606497781781	114.173483037974	123.002525572216	68.1591226379983	
97.1447017547332	292.4	50.6825434327484	124.115482374298	134.064809602734	67.7873563139194	
95.1256727598308	284.157	52.7360889023723	127.807253752121	138.259861074637	67.5778775175938	
99.2337327494589	252.742	61.3998400051728	141.068242710657	153.851192566498	66.4789545657049	
91.3526157693568	248.48	62.6860356166834	143.983406242459	157.037448828352	66.4731426018079	
101.582770743528	200.628	81.144939379646	169.2218930046	187.671389026102	64.3814447755795	
99.2337327494589	180.53	95.5964844648442	182.994570056775	206.459924712524	62.4174035541567	
97.1447017547332	175.44	99.6482297873943	187.243393279596	212.108128148402	61.9787367705312	
101.582770743528	156.044	114.704770132035	201.628164169958	231.972198501438	60.364772639278	
93.1666417647768	153.41	118.699342246183	203.417106771352	235.516566671867	59.7352911279494	
103.931805737597	123.876	156.213751777348	229.324713364967	277.475332965436	55.7376917377376	
101.582770743528	111.46	177.563594820508	240.238566636443	298.736337101991	53.5313889376438	
99.2337327494589	108.318	186.362543486247	241.786968527774	305.273542522954	52.3759829405579	
103.931805737597	96.348	210.083882000534	251.213500487415	327.480473163752	50.0950616148125	
95.1256727598308	94.719	217.532567421573	252.72849010965	333.454805936464	49.2802292283662	
106.365841731452	76.4802	269.160586545846	259.780590095672	374.076698472598	43.9840498231545	
103.931805737597	68.82	297.534580395808	259.24140465879	394.630121025717	41.0655851401607	
101.582770743528	66.876	302.677042248926	260.043638479286	399.043964768425	40.6673773245837	
106.365841731452	59.4846	335.243636502298	253.507507849414	420.302691344352	37.0961659537867	
97.1447017547332	58.48	340.280583878306	254.289115958578	424.798576103494	36.7704850983032	
109.419888723741	47.2194	385.849591792419	236.845195668425	452.742260229362	31.5427582122736	
106.365841731452	42.489	408.57866607966	226.59212121667	467.205004010985	29.0121490715858	
103.931805737597	41.292	412.475292157495	223.634965023506	469.199812682695	28.4655682013235	
109.419888723741	36.7262	434.690791714516	209.432391717679	482.512187516522	25.7245926142971	
99.2337327494589	36.106	438.656000019068	208.591004742093	485.725533209903	25.4321611524292	
112.628935715639	29.1537	468.269490322214	181.970162230432	502.38377313444	21.2361942491237	
109.419888723741	26.233	478.788631377038	167.570875444033	507.265760556512	19.2894976584868	
106.365841731452	25.4934	483.938020251441	163.696464666976	510.874289810469	18.6885781560368	
112.628935715639	22.6751	494.004708468402	149.029244352403	515.994542278501	16.7872896110588	
101.582770743528	22.292	495.49911998795	147.343961806007	516.942570301115	16.5606211394791	
115.942986707272	18	511.520190104845	123.535228250276	526.226051715177	13.5772968444464	
112.628935715639	16.1965	516.236530786826	112.623662632752	528.378884044048	12.3069815582235	
109.419888723741	15.7398	518.008987147378	110.407433099646	529.644325985945	12.0318736734759	
115.942986707272	14	523.30404959136	99.3683428508104	532.654856243358	10.7516871326759	
103.931805737597	13.764	523.688375954394	99.2078186983237	533.002538831317	10.727027128853	
115.942986707272	10	532.455822631958	73.2861905999016	537.475644831764	7.8368402793607	
112.628935715639	9.7179	533.554606795622	72.3950068764166	538.443641854436	7.72695248812979	
106.365841731452	8.4978	536.052844034419	63.8776433413832	539.845352778217	6.79549065771765	
115.942986707272	6	540.436612185431	46.0237758003107	542.392772563742	4.86758477146714	
109.419888723741	5.2466	541.085437582282	40.9411012429294	542.632126338456	4.32702649637189	
112.628935715639	3.2393	546.262662877485	26.2609518205809	546.893531178166	2.75230999405873	
115.942986707272	2	546.291028974826	17.3143860170975	546.565344951108	1.81534971344814	
9/23/2024
Time (s)	Frequency (Hz)	Z' (Ω)	-Z'' (Ω)	Z (Ω)	-Phase (°)	OCP value (V)
125.763250682478	50000	18.5507733705802	0.403266857852945	18.5551560706255	1.24533085127565	-0.00598754882812499
129.351304673419	30871	20.1675072567103	2.24884887075639	20.292502807514	6.36268289110937	
131.300332668499	19060	20.9965731923579	2.93697231593798	21.200988000719	7.96279110241489	
133.374365663262	11768	21.2050123688948	3.79505230445991	21.5419351860172	10.1467779556243	
135.468397657975	7265.5	21.5920951318689	5.96924417402619	22.4020188418996	15.4537302252365	
137.487427652878	4485.8	21.8720295691203	8.71876879418266	23.5457555996593	21.7335321347201	
139.606458647528	2769.6	21.979309936503	13.5088434896306	25.7988162075743	31.5755642702427	
151.108634618487	2236.32	21.222599046073	16.8065270358742	27.0713513012917	38.3762848983565	
151.108634618487	1739.36	21.299323711137	22.1474945332142	30.7273933917369	46.1183888309832	
141.570490642569	1710	22.0916974445064	21.4949596429299	30.8233091349841	44.2156218481459	
152.977663613769	1380.69	20.9684005069045	27.2071546368551	34.3497173678576	52.3787616317907	
151.108634618487	1242.4	22.0692893430563	30.9020128625833	37.973516179922	54.4667139964102	
152.977663613769	1073.87	22.5077506524773	34.9818588809813	41.5972269532836	57.2422813897139	
143.479517637749	1055.8	22.8728226253651	35.245958172432	42.0171819895652	57.0184928404226	
155.01669360862	852.471	23.7388476654072	43.9175874174393	49.92281415395	61.6073730982041	
152.977663613769	767.05	24.8577243116805	49.1676988405993	55.0941836062155	63.1801980424846	
151.108634618487	745.44	24.3698489120173	50.3391358662298	55.9277939467783	64.1677551375546	
155.01669360862	663.033	26.4912472402716	57.1535010862852	62.9945145767883	65.1317824425973	
145.533547632563	651.84	26.3963429997691	57.9640422208566	63.6914210419481	65.5158747812022	
157.055723603472	526.32	29.7752723492884	72.0724187425396	77.9807693401025	67.5530159972844	
155.01669360862	473.595	31.7852305061946	79.0560278886629	85.2065515313522	68.0969359465397	
152.977663613769	460.23	32.0934436684946	82.1786460354811	88.2231204998312	68.6677320696477	
157.055723603472	409.36	36.2094395248197	91.2967983707415	98.2152172702856	68.3661106676724	
147.527578627529	402.45	36.9180990526768	92.9609863367223	100.023452341736	68.3402207689554	
159.17975659811	324.954	45.5368545602012	113.159972693386	121.978623304269	68.0795872631522	
157.055723603472	292.4	51.8388208562218	124.791144169409	135.129911606844	67.4417746692747	
155.01669360862	284.157	53.3197741427736	127.198830140665	137.922227011422	67.2573256984393	
159.17975659811	252.742	61.9305969474881	140.687336900838	153.715079294525	66.2408950569485	
151.108634618487	248.48	63.1167968585556	143.211395915424	156.503143628902	66.2157282786617	
161.543791592141	200.628	81.1046369294566	169.441651696452	187.852163844553	64.4215099414522	
159.17975659811	180.53	95.865158470683	182.631436454366	206.262866725919	62.3045473464287	
157.055723603472	175.44	100.371613789648	186.112016067319	211.452461275295	61.6616802840898	
161.543791592141	156.044	114.680341190294	200.801838351026	231.242208389113	60.2687936223511	
152.977663613769	153.41	119.834458556613	203.121311520606	235.83588499507	59.4608839671725	
164.021827585885	123.876	156.05618804065	227.765945555586	276.099365773644	55.5826050566959	
161.543791592141	111.46	177.984631344147	238.45283645169	297.553834131856	53.2618101650228	
159.17975659811	108.318	186.842007071993	240.839779919063	304.817544111479	52.1959119901366	
164.021827585885	96.348	211.710573457834	249.397267381017	327.139670310654	49.6724421867474	
155.01669360862	94.719	218.021787135401	250.686774921609	332.230881746883	48.9865811834442	
166.525867579563	76.4802	269.220198736914	257.886804205399	372.807080393087	43.7682659631534	
164.021827585885	68.82	296.768410850945	256.972374931848	392.563741521182	40.8893557006874	
161.543791592141	66.876	303.280804846453	256.177948073961	396.996709895305	40.1874110365318	
166.525867579563	59.4846	333.664868198387	253.992774034827	419.338256699474	37.2791601162507	
157.055723603472	58.48	341.580017099565	251.368714993104	424.102745757468	36.3493495706816	
169.549912571928	47.2194	384.721629929927	234.082178409304	450.338982084369	31.318237491017	
166.525867579563	42.489	406.556811063676	223.754167831996	464.062892552781	28.8267962842695	
164.021827585885	41.292	412.127733109113	221.557508975734	467.90704010646	28.2622201603024	
169.549912571928	36.7262	432.419454294813	207.343791460069	479.560248883976	25.617573864731	
159.17975659811	36.106	437.832984220247	204.604703803307	483.281291681817	25.0472588907006	
172.7689605638	29.1537	464.630760921291	177.558517317776	497.402021574485	20.9143426925899	
169.549912571928	26.233	477.466224491374	164.433597694889	504.987528143945	19.0030887782849	
166.525867579563	25.4934	481.607984496566	162.343703079392	508.233931040003	18.6282833383945	
172.7689605638	22.6751	492.003304535519	147.634835147129	513.676256238101	16.702859987686	
161.543791592141	22.292	492.306745289169	146.219758800458	513.562215628134	16.5419174047213	
176.028009555572	18	507.345731138432	121.68923508229	521.735527675951	13.4878588904926	
172.7689605638	16.1965	513.396784650471	110.461024314056	525.145595413265	12.1424898685906	
169.549912571928	15.7398	513.872060790954	109.309400102756	525.369431745287	12.0088029961897	
176.028009555572	14	519.193013942025	97.9291918984225	528.347908439204	10.6815285831791	
164.021827585885	13.764	519.20675793274	96.8849123583775	528.168859102576	10.5699315862528	
176.028009555572	10	528.858358058449	71.1752838049686	533.626352341221	7.66497532960224	
172.7689605638	9.7179	529.361529835124	70.5057067721405	534.036219705014	7.58657901460659	
166.525867579563	8.4978	533.345857297891	62.5014051821432	536.995557846213	6.68385748798291	
176.028009555572	6	535.589133713175	44.735658024566	537.454183396613	4.77460862560738	
169.549912571928	5.2466	536.920913075479	39.8837145309344	538.400202064032	4.24825936211536	
172.7689605638	3.2393	540.291092370706	25.1342368590999	540.875396332298	2.6634683308087	
176.028009555572	2	541.223573105085	19.547725133365	541.576467031688	2.06848994956372	
