9/23/2024
Time (s)	Frequency (Hz)	Z' (Ω)	-Z'' (Ω)	Z (Ω)	-Phase (°)	OCP value (V)
6.60321798332848	50000	15.9015073583542	-0.982798576065466	15.93184952568	-3.53668826932474	-0.00717372894287109
10.1112729744715	30871	17.24615843804	0.435292357761645	17.2516509443793	1.44583623786977	
12.0802999695002	19060	17.7603426762846	0.282960915432096	17.7625966248946	0.912769250348425	
14.0593289645036	11768	17.7119123483853	-0.164490776073927	17.712676145978	-0.532091403389736	
16.1883619591283	7265.5	17.7420003557382	0.0334753816459986	17.7420319361732	0.10810482310057	
18.2523949539171	4485.8	17.6909890544504	-0.264223802478697	17.6929621019907	-0.855677608420827	
20.316425948706	2769.6	17.740629085266	-0.381877731241379	17.7447386834127	-1.23313574448347	
31.9586019193123	2236.32	16.8110868206849	-0.062477675121795	16.8112029180691	-0.212936299452653	
31.9586019193123	1739.36	16.8804593024676	-0.66316605674877	16.8934808574518	-2.24976617560051	
22.3754569435074	1710	17.577942408247	-0.688721642379182	17.5914296408317	-2.24375915183717	
33.8326319145808	1380.69	17.4235242829692	-0.998065245672355	17.4520867713244	-3.27847002862348	
31.9586019193123	1242.4	16.9473540506964	-0.720145088360355	16.9626477375422	-2.43320971074802	
33.8326319145808	1073.87	16.7133103130952	-0.882539888164295	16.7365951816974	-3.02267416569487	
24.2894839386749	1055.8	17.1390107620518	-0.972902570088456	17.1666021481426	-3.24893037631979	
35.7866589096474	852.471	16.8692072188272	-0.457161458443813	16.8754007001557	-1.55235585203319	
33.8326319145808	767.05	15.5854968232582	-0.62501617101314	15.5980241197986	-2.29646899382483	
31.9586019193123	745.44	16.6821286365653	-0.885971884012164	16.7056386297015	-3.04006791208223	
35.7866589096474	663.033	16.7600920291097	-0.29387173133035	16.7626682070219	-1.00452221171613	
26.2885149336279	651.84	16.624201060897	-0.854672979010392	16.6461565177725	-2.94306347360654	
37.8706929043857	526.32	17.052225768695	-1.13976448072613	17.0902740392912	-3.8239410058768	
35.7866589096474	473.595	16.0500462392907	-0.33034880267583	16.0534455683134	-1.17911934670823	
33.8326319145808	460.23	15.2213389179287	-0.095645689822377	15.22163941737	-0.360022351561245	
37.8706929043857	409.36	15.9560159614121	-1.17377070930159	15.9991306963489	-4.2072650661945	
28.3325469284672	402.45	16.4934489501037	-0.684790360815009	16.5076587106695	-2.3774939903338	
39.8997228992629	324.954	15.6425545371148	-0.495621738032328	15.6504042552843	-1.81476350261547	
37.8706929043857	292.4	16.0343813334912	-0.402670046559467	16.0394366457867	-1.43856164594908	
35.7866589096474	284.157	15.9465573639379	-0.853723226814144	15.9693936988655	-3.06449124905502	
39.8997228992629	252.742	15.7373370916649	-1.04332638473119	15.7718834855501	-3.79294473338016	
31.9586019193123	248.48	15.9137734601393	-0.413595178271475	15.9191471728897	-1.48876850516179	
42.3237588931428	200.628	13.6017992051063	-0.552122878937748	13.6130004513875	-2.32446845984899	
39.8997228992629	180.53	15.7678382764797	0.076904909380327	15.7680258205745	0.279448058437613	
37.8706929043857	175.44	16.0664731943348	-0.47338822345235	16.0734457200185	-1.68769474568846	
42.3237588931428	156.044	12.6281594214453	0.231369464354035	12.6302787856196	1.0496391704061	
33.8326319145808	153.41	14.8865448185045	-0.144931980100201	14.887250314017	-0.557800922052101	
44.7177938870984	123.876	13.7604878154333	-0.361728277897682	13.7652414532299	-1.50581374184213	
42.3237588931428	111.46	13.5091434076541	-0.615871768772225	13.5231746880728	-2.61026446686554	
39.8997228992629	108.318	16.33026980776	-0.729842375334032	16.3465709519481	-2.55899501571004	
44.7177938870984	96.348	13.3634385971421	-0.0272248357274866	13.3634663291852	-0.11672639610996	
35.7866589096474	94.719	15.1740732816073	-0.227613627310442	15.1757803067561	-0.859381787297884	
47.3168328805365	76.4802	13.4361637572473	0.348307504164592	13.4406776104862	1.48495372610911	
44.7177938870984	68.82	14.1394227286974	-0.72435971027403	14.1579649699621	-2.93268715644022	
42.3237588931428	66.876	13.3061577463059	0.529875263638375	13.3167038626152	2.28041664998735	
47.3168328805365	59.4846	13.5984124052181	-0.253392206765783	13.6007730498248	-1.06752344004275	
37.8706929043857	58.48	15.6318403979543	-0.221785588874013	15.6334136731089	-0.812861781371841	
50.2708798730782	47.2194	13.152780598938	-0.0381280508206222	13.1528358627354	-0.166091896493223	
47.3168328805365	42.489	14.2748066987868	0.627531050103396	14.2885934054606	2.51714413849537	
44.7177938870984	41.292	12.9567946664858	0.500567248878445	12.9664604113892	2.21244028530668	
50.2708798730782	36.7262	13.5358520566604	0.292597253980509	13.5390141462676	1.23833927906301	
39.8997228992629	36.106	15.5746781443814	-0.378884558259226	15.5792860173231	-1.39355722552863	
53.3799258652286	29.1537	13.9490517935464	0.691636462212919	13.9661879886712	2.83857454327639	
50.2708798730782	26.233	12.7501201070661	-0.158437277946895	12.7511044665022	-0.711939971204726	
47.3168328805365	25.4934	12.8129381928477	-0.304483670869508	12.8165555216509	-1.36130731107399	
53.3799258652286	22.6751	13.7285793809912	0.609999408019275	13.7421246937277	2.54413929238134	
42.3237588931428	22.292	15.0066774272723	0.383678693277272	15.0115814205526	1.46457347405676	
56.6589748569498	18	13.3845606146736	0.400569713319584	13.3905533471586	1.71422179292538	
53.3799258652286	16.1965	13.4015561589098	0.326321227325238	13.4055284500022	1.39484811148885	
50.2708798730782	15.7398	14.5521347148686	0.114284175019476	14.5525834693481	0.449959157749785	
56.6589748569498	14	14.154003661743	0.516493257401653	14.1634241954964	2.08985102632004	
44.7177938870984	13.764	14.6875691966888	0.0417407296996267	14.6876285082391	0.162828932080929	
56.6589748569498	10	13.6410572402436	0.410609801480486	13.6472357289187	1.7241410706262	
53.3799258652286	9.7179	12.9639214825722	1.22627485041284	13.0217898237935	5.40360717778471	
47.3168328805365	8.4978	14.3685413932339	0.448407862979231	14.3755365597482	1.78748431367554	
56.6589748569498	6	14.6562776826285	1.32551291045705	14.7160952696734	5.16776788614413	
50.2708798730782	5.2466	13.2486797872839	0.0166144440584389	13.2486902049122	0.0718514629211495	
53.3799258652286	3.2393	13.8128794553177	2.26394068096872	13.9971806537632	9.3080586462636	
56.6589748569498	2	13.0408258038093	0.0211692200914259	13.0408429858341	0.0930083661639461	
9/23/2024
Time (s)	Frequency (Hz)	Z' (Ω)	-Z'' (Ω)	Z (Ω)	-Phase (°)	OCP value (V)
66.1622318329564	50000	15.8336573548639	-0.931589882422826	15.8610392137548	-3.36717566201065	-0.00740947723388672
69.6902858240489	30871	17.2182858432159	0.450893686790899	17.2241885874336	1.50005654442638	
71.664313819065	19060	17.8670719155155	0.180663346865059	17.8679852831566	0.579327971477703	
73.7383468138286	11768	17.8347512328114	-0.139747498907564	17.8352987331225	-0.44894251209065	
75.9023778083649	7265.5	17.7385715198641	0.217258391738164	17.73990193812	0.701711889134288	
77.9264098032547	4485.8	17.8466798541724	-0.213231909041001	17.8479536548131	-0.684536689060673	
80.0454427979047	2769.6	17.6748958880867	-0.428652318279755	17.6800929710415	-1.38926732545122	
91.6726207685489	2236.32	16.405979862509	-0.0511556046580813	16.4060596166459	-0.178653806172663	
91.6726207685489	1739.36	16.9883197211771	-0.107556391197737	16.9886601980916	-0.362745994820394	
82.0344727928829	1710	17.4411082367414	-0.962691507447853	17.4676567250517	-3.15933170350229	
93.5266467638679	1380.69	17.015986129839	0.15251496190335	17.0166696149533	0.513530604081071	
91.6726207685489	1242.4	16.9105321663111	-0.106143199812718	16.9108652802483	-0.359626619026477	
93.5266467638679	1073.87	16.6086370458198	0.00376196022147014	16.6086374718736	0.0129778523731671	
84.0085017878989	1055.8	17.027585543105	-0.726852161104838	17.0430919580885	-2.44428628733428	
95.580677758682	852.471	16.2174570031258	-0.374500705809276	16.2217804949668	-1.32286442740342	
93.5266467638679	767.05	16.1263642581529	-0.483988227779727	16.1336254075537	-1.71905836350536	
91.6726207685489	745.44	16.3662219322499	-0.187568069288755	16.36729672598	-0.656619976181637	
95.580677758682	663.033	16.9808492036119	-0.438102488105506	16.9864997414385	-1.47789171601976	
86.1075347825994	651.84	16.7033189275183	-0.79393413614173	16.7221767305253	-2.72130735078986	
97.6347087534961	526.32	16.5436004224339	-0.254099586361967	16.5455517144924	-0.879958945014114	
95.580677758682	473.595	16.3200102325351	-0.150213268563848	16.3207015172787	-0.527349135264937	
93.5266467638679	460.23	16.8666118853217	-1.0018523948169	16.8963399797434	-3.39929255505672	
97.6347087534961	409.36	16.3130857742358	-0.348884955635128	16.3168161168117	-1.22518748939487	
88.0565617776786	402.45	16.4890312438409	-0.72737815904428	16.5050668083051	-2.52584258433843	
99.7987417480324	324.954	16.1776831390247	-0.410655457743807	16.1828943533492	-1.45408787561011	
97.6347087534961	292.4	15.2402602083898	0.251605860101156	15.242336983818	0.94582665783659	
95.580677758682	284.157	15.7825901536916	-0.559163488364544	15.7924923861347	-2.02909109899666	
99.7987417480324	252.742	16.7051995324074	-0.334697484777277	16.7085521163224	-1.14779759915458	
91.6726207685489	248.48	16.2433247531267	-1.10646318275729	16.2809661817207	-3.89685549330663	
102.192776741988	200.628	13.8534341082868	-0.276346189440493	13.8561900899584	-1.14277590547849	
99.7987417480324	180.53	15.6476666943577	-0.81939135174198	15.6691057551163	-2.99756032916143	
97.6347087534961	175.44	15.8834069691292	-0.209068964762751	15.884782868488	-0.754125207504892	
102.192776741988	156.044	13.9779606805078	0.0232126805609373	13.977979954713	0.0951488872456915	
93.5266467638679	153.41	15.5546233820586	0.275939495458357	15.5570707770724	1.01632227814739	
104.581814735956	123.876	13.890689324383	-1.05428886243043	13.9306415829269	-4.34036834630045	
102.192776741988	111.46	13.932946452113	-0.690982291801167	13.9500700129078	-2.83916681973028	
99.7987417480324	108.318	15.5767719765452	0.193717957974647	15.5779765007052	0.712512789349449	
104.581814735956	96.348	13.9072608465291	0.385378486318556	13.9125993556603	1.58729399757867	
95.580677758682	94.719	15.3238037563145	-0.12143525392693	15.3242849126129	-0.454037522464933	
107.15085372947	76.4802	13.9938174155779	0.132882884026855	13.9944483178652	0.544054518388512	
104.581814735956	68.82	13.4747519987594	-0.500878549016178	13.4840580223067	-2.12879762980944	
102.192776741988	66.876	13.5249099882782	-0.0162437915694288	13.5249197428965	-0.0688137853430164	
107.15085372947	59.4846	13.6301079717183	0.582024671981085	13.6425289458917	2.44512448045768	
97.6347087534961	58.48	16.7491772294882	-0.560875293596368	16.7585655400387	-1.91793201815306	
110.204897721759	47.2194	13.3414980184621	0.321433167655682	13.3453695586858	1.38014499720443	
107.15085372947	42.489	12.9760870819951	0.0950295847853792	12.9764350490227	0.419594656388187	
104.581814735956	41.292	12.9052992521412	0.396487312248192	12.9113884217031	1.7597349539316	
110.204897721759	36.7262	13.4129754290576	0.556571509951776	13.4245179319853	2.37612563437351	
99.7987417480324	36.106	16.1643924597682	-1.39033941921951	16.2240755451289	-4.91605246306735	
113.323946713885	29.1537	13.6247873866781	-0.295515461996759	13.6279918080567	-1.2425246656617	
110.204897721759	26.233	13.5758924398445	0.278107402083704	13.5787407098494	1.17356203745391	
107.15085372947	25.4934	13.9201356126208	-0.0500105683889186	13.9202254482714	-0.205844414980328	
113.323946713885	22.6751	13.9273861744891	0.646326147494634	13.9423750897143	2.65701047265045	
102.192776741988	22.292	13.2721869990331	-0.733628935483015	13.2924474477909	-3.16384255236946	
116.53799570577	18	14.2446729663233	-0.32318762206783	14.248338785857	-1.29972168844679	
113.323946713885	16.1965	13.9284827109656	-0.053075017899252	13.9285838327948	-0.218326709945255	
110.204897721759	15.7398	13.2886708141595	1.45073320030945	13.3676250256198	6.23034568596324	
116.53799570577	14	13.5327194706757	0.0623168614700952	13.5328629514685	0.263839646214689	
104.581814735956	13.764	13.3289482297814	-0.907509661048287	13.3598066863667	-3.89500727648804	
116.53799570577	10	14.4032711867446	0.123360878736062	14.4037994565777	0.490713866150252	
113.323946713885	9.7179	13.9960802688041	0.344433387031755	14.0003177552836	1.40972305150046	
107.15085372947	8.4978	13.4359994905464	0.448251369672377	13.4434746847821	1.91079119055538	
116.53799570577	6	14.0603689024306	0.948259673181161	14.0923088981266	3.85830042415145	
110.204897721759	5.2466	13.3597771127695	0.510453925140284	13.3695253360981	2.1881080451233	
113.323946713885	3.2393	14.4030496665905	-0.263886352078905	14.4054668686956	-1.04963067949615	
116.53799570577	2	15.1023488504723	-0.125139581919402	15.102867301156	-0.474747728074153	
9/23/2024
Time (s)	Frequency (Hz)	Z' (Ω)	-Z'' (Ω)	Z (Ω)	-Phase (°)	OCP value (V)
126.132250681547	50000	15.8214004647022	-0.919195826483799	15.8480798089833	-3.32504728558646	-0.00750007629394531
129.750304672412	30871	17.2539848944974	0.394709040533078	17.2584990646992	1.31049253104694	
131.709333667466	19060	17.7091645043674	0.211597359882542	17.7104285912413	0.684564129309608	
133.708363662419	11768	17.7218865319849	-0.14309166699628	17.7224642044416	-0.462612737570807	
135.752395657258	7265.5	17.7172351856412	0.189685992503401	17.7182505738877	0.613402230229804	
137.846427651971	4485.8	17.8315872974064	-0.118268251809614	17.8319795010092	-0.380009485718275	
139.93045764671	2769.6	17.8907647775627	-0.390012673496105	17.8950153453851	-1.24883098216066	
151.482634617543	2236.32	16.8076282682941	-0.17209061715125	16.8085092493556	-0.586621822224962	
151.482634617543	1739.36	16.7404360515605	-0.240853269540385	16.7421686018818	-0.824286996362635	
141.924489641675	1710	17.4115153803949	-0.82704300585262	17.431146490557	-2.71949241118538	
153.326661612887	1380.69	16.4206348163835	-0.714847949135587	16.4361873730926	-2.49271275934835	
151.482634617543	1242.4	16.4079542824069	0.00599521252956125	16.4079553776858	0.0209349900681821	
153.326661612887	1073.87	16.8666997717595	-0.323010905300354	16.8697924479116	-1.09712628060735	
143.853517636805	1055.8	16.9606777106493	-0.752777844324437	16.9773750293567	-2.54133154966794	
155.225690608093	852.471	17.5031619593189	-0.729346759411826	17.5183511001924	-2.38610200935852	
153.326661612887	767.05	17.1228024548467	-0.412762181321558	17.1277767537423	-1.38090430495747	
151.482634617543	745.44	16.551312224153	-0.379478618917745	16.5556618823777	-1.3134133668007	
155.225690608093	663.033	17.3492633502715	-0.485421187002251	17.3560529074403	-1.60268078858056	
145.94254863153	651.84	16.6742132133145	-0.711587708621113	16.6893901431458	-2.44366842158999	
157.339722602755	526.32	15.5544035806597	-0.750385521081949	15.5724933514286	-2.76195841497038	
155.225690608093	473.595	16.4878156530994	-0.980708650577076	16.5169565740153	-3.40398882638662	
153.326661612887	460.23	15.9920406513721	-0.202506195796186	15.99332276153	-0.725494043574594	
157.339722602755	409.36	16.1761980704927	-0.278254524930054	16.1785910881156	-0.98547493512392	
147.896579626597	402.45	16.3038059922924	-0.695746982762215	16.3186443584733	-2.44355178552149	
159.363751597645	324.954	16.7020700480098	-0.768940576377023	16.7197611675115	-2.63595841649656	
157.339722602755	292.4	15.7160310193841	-0.218008182516315	15.7175430195018	-0.794739310922613	
155.225690608093	284.157	15.9922774802476	-0.71887157411012	16.0084263856663	-2.57377969093999	
159.363751597645	252.742	15.9367756721619	-0.483466727974108	15.944107341017	-1.73762313215069	
151.482634617543	248.48	16.3452006783188	-0.184845027567742	16.3462458350145	-0.647920371293534	
161.822789591437	200.628	13.5089749873022	-0.113049255840557	13.5094480028535	-0.479465988088963	
159.363751597645	180.53	15.7288749371497	-0.843722478229384	15.7514880061779	-3.07049617960567	
157.339722602755	175.44	15.7399612685203	-0.00377686774608152	15.7399617216576	-0.0137483551442462	
161.822789591437	156.044	13.7616425312549	-0.673614070857073	13.7781189236594	-2.8023154252669	
153.326661612887	153.41	15.464833044901	-0.551787790423846	15.4746738535041	-2.0434559880317	
164.251827585304	123.876	13.2812884704906	0.137594998628499	13.282001197863	0.593566707581254	
161.822789591437	111.46	12.920235287389	-0.199042026017833	12.9217683623262	-0.882597392992088	
159.363751597645	108.318	15.8597181471139	-0.926983722648824	15.886785657519	-3.3450718403647	
164.251827585304	96.348	14.0023032170856	-0.489297091157407	14.0108496183001	-2.00133187081325	
155.225690608093	94.719	16.2071861428275	-0.319960172398576	16.2103441413247	-1.13097895329196	
166.845867578755	76.4802	13.7614214257284	0.0539313029520654	13.7615271042837	0.224542227701099	
164.251827585304	68.82	13.2929612337356	-0.0702370726468296	13.2931467910338	-0.302735433243836	
161.822789591437	66.876	13.6541755559652	0.252662563770108	13.6565130426565	1.06010403257479	
166.845867578755	59.4846	13.0329982911871	0.309672528847676	13.0366767825703	1.36112893097502	
157.339722602755	58.48	16.4043244091862	-0.555152357955381	16.4137154070114	-1.93825431481122	
169.834910571208	47.2194	13.0758580925747	-0.149273396879094	13.0767101139456	-0.65405758161233	
166.845867578755	42.489	13.695639867813	-0.382507001450528	13.7009803661996	-1.59980411785056	
164.251827585304	41.292	13.851330368447	0.606147305905547	13.8645868143381	2.50571876906203	
169.834910571208	36.7262	12.9473916181287	-0.34017276375216	12.9518596047976	-1.50501208109173	
159.363751597645	36.106	16.2172560930235	-0.847710979328442	16.2393968204235	-2.99225072479732	
173.048958563093	29.1537	13.4116288244612	0.125895396003155	13.4122197035335	0.537821549305943	
169.834910571208	26.233	13.0836910479499	0.124923053545569	13.0842874168795	0.547043354435776	
166.845867578755	25.4934	13.6314499028733	0.699742065844955	13.6493979872102	2.93858009911677	
173.048958563093	22.6751	13.1152980023009	0.295000214461402	13.118615278134	1.2885271585248	
161.822789591437	22.292	12.7174394935278	-0.244750327046379	12.7197944163469	-1.10253560615331	
176.348009554764	18	13.9430229530509	0.198605772255105	13.944437361259	0.816071455424428	
173.048958563093	16.1965	13.5698680040261	0.52446879843333	13.5799994538741	2.21335235934806	
169.834910571208	15.7398	13.4643112167354	0.391750909487803	13.4700091060174	1.66657935973706	
176.348009554764	14	14.4431614825238	0.533825320542373	14.4530233198149	2.11671258870636	
164.251827585304	13.764	14.6992617006072	-0.686864174959933	14.7153007763274	-2.67535970852872	
176.348009554764	10	13.9454375852804	0.15058357379017	13.9462505662865	0.618658818328212	
173.048958563093	9.7179	13.6430206573814	-0.80901311024894	13.6669863126547	-3.39359012791278	
166.845867578755	8.4978	13.4470874245988	-0.290510020607544	13.45022513852	-1.23762185169435	
176.348009554764	6	14.8114477281793	0.417077351036356	14.8173188303868	1.61297255894292	
169.834910571208	5.2466	12.8220350519124	-0.209729887235216	12.8237502119337	-0.93710287107642	
173.048958563093	3.2393	14.0758317129613	1.34994265033515	14.1404166689246	5.4781970421477	
176.348009554764	2	13.4917274737275	0.735733500612351	13.511773163033	3.12137294468273	
