9/23/2024
Time (s)	Frequency (Hz)	Z' (Ω)	-Z'' (Ω)	Z (Ω)	-Phase (°)	OCP value (V)
6.5662169834219	50000	18.6368735454192	0.835409938716562	18.6555880452387	2.5666023230978	-0.00587997436523437
10.2242729741862	30871	20.4510798897207	2.7823494308284	20.6394800567012	7.74746831052037	
12.128300969379	19060	21.2538461185814	3.67775000074407	21.5696967966708	9.81720596597728	
14.287331963928	11768	21.7661445825805	5.09835511317894	22.3552739828854	13.1829125167251	
16.3463629587294	7265.5	21.9902975310365	7.66140395595578	23.2866978354563	19.2083002061532	
18.4703979533667	4485.8	22.5414424729389	11.6003846771907	25.3512436266865	27.2314725799445	
20.6244279479283	2769.6	23.1893932261473	17.9311229880219	29.3133609435775	37.7128719481554	
32.2416059185978	2236.32	22.749666613127	21.9282747730159	31.5974139057188	43.9467512813611	
32.2416059185978	1739.36	23.8462120089899	28.3490304373668	37.0446940048969	49.93062784372	
22.6584599427929	1710	24.5291135622952	28.8282279382172	37.8516068114654	49.6064916488945	
34.2056329136391	1380.69	25.6145525972075	36.0610316221957	44.2323784846814	54.6133974978882	
32.2416059185978	1242.4	25.5839156238011	40.4073792746005	47.8256525150173	57.6600709563481	
34.2056329136391	1073.87	27.608621796267	45.9032545814939	53.5662653044129	58.9750949208708	
24.6074869378721	1055.8	28.7443361684265	46.4360033124869	54.6126291749519	58.2420909034379	
36.124664908794	852.471	32.7827693205095	56.9961700279732	65.7516034951192	60.0935654503136	
34.2056329136391	767.05	35.7523261672683	63.8658568652508	73.1920521607601	60.7597479521025	
32.2416059185978	745.44	36.2504453146664	64.4032463659188	73.9044851682281	60.626286832301	
36.124664908794	663.033	39.525179571955	72.5416712608143	82.6107371320904	61.4157249047301	
26.6015199328376	651.84	40.8360690882351	73.1829948403739	83.8053415504364	60.8385078751788	
38.2136959035197	526.32	50.0577381366272	87.244793955725	100.585442384731	60.1544387024807	
36.124664908794	473.595	56.1903420628191	94.6919047814459	110.108634412906	59.3150321229057	
34.2056329136391	460.23	58.7789554222636	97.0844587065793	113.491663671311	58.8075495044711	
38.2136959035197	409.36	66.5119327103251	105.300327708284	124.547164593719	57.7218420484853	
28.6055489277779	402.45	68.7435968751572	106.557307102317	126.807499022067	57.1726173018782	
40.3227278981949	324.954	88.6825566627809	120.755438756364	149.821466571014	53.7065129614514	
38.2136959035197	292.4	99.6519986476284	126.789430970509	161.264009128796	51.8339085176817	
36.124664908794	284.157	103.383272310772	128.752683056815	165.122240743069	51.2369242149625	
40.3227278981949	252.742	117.523317156025	134.178007818169	178.36890944727	48.7856554280562	
32.2416059185978	248.48	120.087964569284	134.803156602348	180.53534353237	48.3040915125211	
42.7467638920748	200.628	146.619623724684	140.037391469733	202.750548879195	43.6846026891993	
40.3227278981949	180.53	163.582816252074	141.605774388126	216.359730802709	40.8811634464644	
38.2136959035197	175.44	166.219754780843	140.225898630917	217.467950572611	40.1515656507112	
42.7467638920748	156.044	180.415394029473	139.683612040205	228.16929213943	37.7482306364552	
34.2056329136391	153.41	186.209200117444	139.449424059631	232.637073741356	36.8290185147657	
45.1857988859168	123.876	210.452984336931	131.210051376475	248.005113250791	31.9420917046084	
42.7467638920748	111.46	224.091860120569	126.312053648375	257.238987459457	29.4083013638446	
40.3227278981949	108.318	228.67543573116	123.65824834607	259.968877542782	28.4026950813706	
45.1857988859168	96.348	238.765680212883	116.826201342638	265.814618423576	26.0721458735809	
36.124664908794	94.719	241.700392022793	114.428108359541	267.418906374839	25.3342578084576	
47.839840879216	76.4802	257.991001903028	100.682256502552	276.940921204097	21.3184598522171	
45.1857988859168	68.82	263.821754033857	93.9574039247479	280.053408573756	19.6028337766973	
42.7467638920748	66.876	265.716564275277	91.2692069178536	280.954374697514	18.9567416077484	
47.839840879216	59.4846	271.821376912078	84.6513371643441	284.697576087485	17.2977722718454	
38.2136959035197	58.48	276.960117969903	83.0790409955291	289.152267842809	16.6975371505189	
50.9488878713664	47.2194	282.213908174587	70.8982676917139	290.983254378771	14.1021071096007	
47.839840879216	42.489	285.65981513264	63.8143365600813	292.700870398804	12.5927030197485	
45.1857988859168	41.292	287.718390384907	62.3245489787308	294.391272919365	12.2223768633307	
50.9488878713664	36.7262	289.387250189085	56.5836734757657	294.867245851438	11.0634193482724	
40.3227278981949	36.106	292.408032468285	55.195930761135	297.57192109566	10.689567599519	
54.1279368633401	29.1537	294.563543087714	44.9974082366875	297.98061625617	8.68533667573111	
50.9488878713664	26.233	295.480371910585	41.2944760677278	298.351946429256	7.95576940836573	
47.839840879216	25.4934	296.554905449373	40.5931421531142	299.32025513812	7.79434339128786	
54.1279368633401	22.6751	298.494840628535	35.9191260320608	300.648222174624	6.86164685835781	
42.7467638920748	22.292	297.477858012902	34.652216362722	299.489318852598	6.6442524173608	
57.3619848551749	18	299.729474356979	29.9713071055269	301.224230512627	5.71028267917113	
54.1279368633401	16.1965	300.507795769311	27.0853485959263	301.725954181427	5.15026295146697	
50.9488878713664	15.7398	299.746242429628	25.7341562290206	300.848893379219	4.90699012223761	
57.3619848551749	14	301.035335516082	23.6128571485753	301.959997767915	4.48503023138255	
45.1857988859168	13.764	302.187407795473	23.4654801924524	303.097110165719	4.44022602586437	
57.3619848551749	10	302.709264057721	16.6582647814124	303.167274506822	3.14984261719704	
54.1279368633401	9.7179	302.511383067239	16.2571206383359	302.947901225117	3.07614621770785	
47.839840879216	8.4978	302.485338011085	14.6291482610112	302.838887348575	2.76884779915082	
57.3619848551749	6	303.501517889489	10.3417204122758	303.677662237955	1.95158089416288	
50.9488878713664	5.2466	304.102973870126	9.81282305968876	304.261253223369	1.84818426157373	
54.1279368633401	3.2393	304.562335555438	6.71072969410942	304.636258728357	1.26225155944125	
57.3619848551749	2	302.913065056856	4.69673604284536	302.949474849513	0.888312924320271	
9/23/2024
Time (s)	Frequency (Hz)	Z' (Ω)	-Z'' (Ω)	Z (Ω)	-Phase (°)	OCP value (V)
66.9632468309341	50000	18.7980657660335	0.861553442354143	18.8177987787667	2.62414529050591	-0.006072998046875
70.4562998221149	30871	20.5951552365274	2.83229984941781	20.7889956865086	7.83034887596496	
72.4353268171184	19060	21.3866362752273	3.86263265106556	21.7326515217528	10.2378036415246	
74.4743588119703	11768	21.8763169386271	4.98652908061218	22.4374400293584	12.8407180030261	
76.5383888067591	7265.5	22.0547173512374	7.78482555640683	23.3883318427514	19.4419006207492	
78.5974198015606	4485.8	22.7540315371701	11.6276130413828	25.5528342113877	27.0676372600301	
80.6914537962737	2769.6	23.4527498718654	17.918032281951	29.5141890860874	37.3800302144621	
92.3286297668926	2236.32	22.5976743890035	21.696321671343	31.3270691552499	43.8342307203286	
92.3286297668926	1739.36	23.7029238238416	28.5349236053849	37.0954237469259	50.2848198900815	
82.6304837913781	1710	24.6332412675681	28.6794193662772	37.8061591613458	49.3401574600102	
94.2426577620602	1380.69	26.3543175518108	36.9060623010091	45.3498344890877	54.4696786925865	
92.3286297668926	1242.4	26.2935123653061	39.8745680650479	47.76327010244	56.5989193277349	
94.2426577620602	1073.87	28.2647098325568	46.5914518391852	54.4945612552458	58.7569006943505	
84.5195097866088	1055.8	28.7197827848012	46.2854726016261	54.4717440253389	58.1807139150173	
96.2316887570383	852.471	32.6881292395086	57.3369768604014	66.0003235497298	60.3122950947339	
94.2426577620602	767.05	36.1273282565396	63.6842293898395	73.2179275856225	60.4342582459336	
92.3286297668926	745.44	36.3065547445698	64.6747155033604	74.1686237088235	60.6913788673237	
96.2316887570383	663.033	40.2374965345196	71.8866696584653	82.3817297824632	60.7627265976331	
86.6135447813218	651.84	40.7001956890127	72.7288594433943	83.3426236991668	60.7679481034662	
98.3657207516504	526.32	50.4567212068942	87.6862587187183	101.166994039737	60.0828721133411	
96.2316887570383	473.595	56.5775149137491	94.662056695219	110.281096166045	59.1341293668263	
94.2426577620602	460.23	59.2948077764188	96.2698028281904	113.065242960961	58.3701195091079	
98.3657207516504	409.36	67.0940051384323	105.433366822715	124.971198142169	57.5287905226601	
88.6275727762369	402.45	68.7992634822589	106.459302127886	126.755361485255	57.1274576850312	
100.464750746351	324.954	88.2291558141137	120.96719788549	149.724570127747	53.8943237851292	
98.3657207516504	292.4	99.6471740663092	127.019015393282	161.441598018851	51.8856045814495	
96.2316887570383	284.157	102.819847242886	128.746987620705	164.765614763689	51.3884560807356	
100.464750746351	252.742	117.416911389694	133.996977007578	178.162624945482	48.7730382413848	
92.3286297668926	248.48	119.096937129059	134.182509613562	179.413004879013	48.4085660378909	
102.873787740269	200.628	146.112927593324	140.5283592165	202.724461656638	43.8838602899643	
100.464750746351	180.53	162.861567678577	141.096667083409	215.481228158673	40.9043314484568	
98.3657207516504	175.44	167.811051615213	140.411130595068	218.805472141784	39.9199506585293	
102.873787740269	156.044	180.368982238147	138.837244405067	227.615355781672	37.5869226985281	
94.2426577620602	153.41	185.220064194987	139.426111213105	231.83207860088	36.9709424094559	
105.252823734262	123.876	211.156845359948	131.03672059108	248.511238147553	31.8223242677355	
102.873787740269	111.46	222.713863762379	125.972544129894	255.872130148099	29.4935885414837	
100.464750746351	108.318	228.104387361755	123.567844903145	259.423637758184	28.4451234086662	
105.252823734262	96.348	237.997289792617	116.864121397105	265.141344981404	26.1524838187877	
96.2316887570383	94.719	241.065466938905	115.929550569086	267.492467268936	25.6831265904388	
107.781861727877	76.4802	257.40979592282	101.065431901065	276.539372535588	21.4361957434559	
105.252823734262	68.82	263.974529202905	95.0942977786716	280.580607914934	19.8110705297092	
102.873787740269	66.876	265.744997079334	92.6113243936599	281.420079025365	19.2132907557087	
107.781861727877	59.4846	274.293496438759	84.0821382326157	286.891491958838	17.0424371917797	
98.3657207516504	58.48	276.902141470911	81.3514213035689	288.605006365598	16.3723256406012	
110.785908720292	47.2194	282.266838836311	70.2114335790722	290.868034874704	13.9683499523518	
107.781861727877	42.489	286.169507465547	64.3034170029915	293.305159247727	12.6642370743912	
105.252823734262	41.292	287.41473306508	62.5421035937994	294.140686585193	12.2763162004059	
110.785908720292	36.7262	289.796444322406	55.6081699891017	295.083458891627	10.8622809124332	
100.464750746351	36.106	292.701368547257	54.6293829504958	297.755706294588	10.5719712162992	
113.89995471243	29.1537	294.301664774759	46.1979647284898	297.905558582329	8.92119669426222	
110.785908720292	26.233	294.224248763092	41.2749334417611	297.105248507709	7.9855649484261	
107.781861727877	25.4934	296.208657575518	39.6191411430467	298.846524436212	7.61833267323408	
113.89995471243	22.6751	297.800424488962	37.0389774109777	300.094949430104	7.08976410005117	
102.873787740269	22.292	297.078713804116	36.9808501373303	299.371584276778	7.09577244610487	
117.199006704101	18	299.568998690205	28.6400711362075	300.934940894106	5.46112217865862	
113.89995471243	16.1965	300.559247485057	26.94565075569	301.76469200924	5.12296878686853	
110.785908720292	15.7398	299.062035477979	26.3326049419934	300.219098571798	5.03195298174764	
117.199006704101	14	300.660500189168	23.1477246500993	301.550250423504	4.40249308151713	
105.252823734262	13.764	300.634011428626	22.8942477321674	301.504486545207	4.35485264433759	
117.199006704101	10	302.201455580789	17.1926514315291	302.690117146883	3.25612482191194	
113.89995471243	9.7179	301.454820380382	15.8506398410341	301.871249896274	3.00986796028869	
107.781861727877	8.4978	303.824836539844	16.9190975604619	304.295558890897	3.1873388350619	
117.199006704101	6	303.412980500142	11.2367758759555	303.62098390603	2.1209564861113	
110.785908720292	5.2466	300.787304882375	9.06190929633261	300.923779350349	1.72564515397596	
113.89995471243	3.2393	302.775612013473	7.06373129752514	302.857998953266	1.33646360805892	
117.199006704101	2	303.581823020015	4.86311363246553	303.620771921748	0.917749467147124	
9/23/2024
Time (s)	Frequency (Hz)	Z' (Ω)	-Z'' (Ω)	Z (Ω)	-Phase (°)	OCP value (V)
126.59426668038	50000	18.86334880029	0.8142394487094	18.8809140096882	2.47164710692708	-0.0060302734375
130.157320671384	30871	20.5063625544341	2.85643208281242	20.7043500129228	7.92998490458331	
132.071347666552	19060	21.4964186170628	3.7151494549613	21.8150945180786	9.80536571480211	
134.095376661442	11768	21.9550512523816	5.06721079861776	22.5322191710522	12.9962533489884	
136.124408656319	7265.5	22.2891399433928	7.63477124651659	23.5604645837637	18.9080364014951	
138.153439651196	4485.8	22.8739980929001	11.5262134478599	25.6139295150046	26.7435466000159	
140.182470646073	2769.6	23.4432503585751	17.8697368794369	29.4773384740742	37.316646074012	
151.82464961668	2236.32	23.0823403550643	22.4148449856569	32.1748304113333	44.1594661598551	
151.82464961668	1739.36	23.6870517841398	27.9688405189464	36.6515001357213	49.7384498733829	
142.171499641051	1710	24.848321328717	28.7099262367512	37.9697107886651	49.1239485011763	
153.648672612074	1380.69	25.243748744748	36.2616489029669	44.1831872079189	55.1560790345797	
151.82464961668	1242.4	26.1306286396536	39.5927086126829	47.4383002266344	56.5757523555645	
153.648672612074	1073.87	28.4290993519128	46.0041498914494	54.0795293729141	58.2852553621771	
144.130530636105	1055.8	28.8646929969211	46.2372042336786	54.5073348931445	58.0245311783397	
155.592702607166	852.471	32.5330455207664	56.9888138688309	65.6210633640793	60.2793707404649	
153.648672612074	767.05	34.5587038379682	62.4557459892443	71.3794383420982	61.0428823276143	
151.82464961668	745.44	36.3483425591454	64.2206831043435	73.7936185939238	60.4905200843293	
155.592702607166	663.033	39.7929650769035	72.3493208226713	82.5706018696332	61.1886963678095	
146.214560630844	651.84	40.6320116282384	72.6960396622868	83.2806973526163	60.7978570238379	
157.626735602031	526.32	50.3661324022503	87.0937126508186	100.608459268912	59.9592847875216	
155.592702607166	473.595	56.4779791862677	94.4807166028717	110.074374596255	59.1301763562308	
153.648672612074	460.23	58.8517715788347	96.8927950427616	113.365535984998	58.7258985581656	
157.626735602031	409.36	66.549051587541	105.163784333715	124.451588188296	57.673823314276	
148.243592625721	402.45	68.6431158385336	106.185073531699	126.440291018942	57.1194377831026	
159.645764596933	324.954	88.1374030463013	120.332359299254	149.157897914495	53.7790984713546	
157.626735602031	292.4	99.1387524885099	126.364721491793	160.612997863424	51.8842360692703	
155.592702607166	284.157	103.130878620381	128.664637544345	164.895624803781	51.2861521020911	
159.645764596933	252.742	117.201852225872	133.726430488385	177.81741302904	48.76770398258	
151.82464961668	248.48	119.248576142801	135.034890115022	180.151726221154	48.552452129315	
162.029799590914	200.628	145.662126258876	139.572807762183	201.737511863501	43.777010738651	
159.645764596933	180.53	162.127163742464	140.878839917147	214.783762793133	40.9886948369609	
157.626735602031	175.44	166.266424044261	140.646931952059	217.775304458502	40.2283160751196	
162.029799590914	156.044	181.339494243744	139.231633876961	228.625151819796	37.5168891581065	
153.648672612074	153.41	185.341136223009	138.06225536983	231.111495028352	36.6827526137708	
164.428837584857	123.876	210.249051094462	130.595154090089	247.507086278223	31.8462777494684	
162.029799590914	111.46	222.867532616852	125.802909459599	255.922467015352	29.4435946780545	
159.645764596933	108.318	228.649293265904	123.715995188045	259.973357820308	28.4166305579355	
164.428837584857	96.348	236.569080114194	115.614987131749	263.30923818877	26.0454788441209	
155.592702607166	94.719	241.530838517962	115.070732165172	267.541434839949	25.4741819809441	
166.892874578636	76.4802	255.961758792252	100.810393016754	275.098450203223	21.4969721386516	
164.428837584857	68.82	264.491336527594	93.661654084053	280.585410425977	19.5000692083921	
162.029799590914	66.876	266.970108405524	92.3187782248687	282.481496022288	19.0754841340905	
166.892874578636	59.4846	272.797244572369	85.2854735714756	285.818034155628	17.3609768116697	
157.626735602031	58.48	274.123192964901	84.3244927231972	286.799834369368	17.0986991189774	
169.931919570963	47.2194	281.670671549246	70.1958529103918	290.28576433718	13.9937694515013	
166.892874578636	42.489	285.171826270191	63.7518903559012	292.211009413107	12.6016140773868	
164.428837584857	41.292	285.822603083025	61.7570915951036	292.418362616718	12.1923504927032	
169.931919570963	36.7262	289.242889219218	56.3383331922283	294.678565136251	11.0219894570322	
159.645764596933	36.106	291.662815235423	55.5874670155827	296.912721654464	10.7904861848489	
173.090969562987	29.1537	293.294786981512	45.6220274027137	296.821834531869	8.84150821222	
169.931919570963	26.233	294.256097367418	41.3926725455591	297.153166192735	8.00719363451046	
166.892874578636	25.4934	295.219633550959	40.226772871632	297.947688847604	7.75936415509015	
173.090969562987	22.6751	295.635085499575	36.0730700187581	297.827752499526	6.95677881549754	
162.029799590914	22.292	297.199611813982	35.1527708302262	299.27132598935	6.74560409244109	
176.365016554721	18	297.985996343734	29.4763027766826	299.440322004821	5.64922996302506	
173.090969562987	16.1965	298.519222581571	26.1897736047589	299.665864743006	5.01385217601547	
169.931919570963	15.7398	297.865019495036	25.0420658840277	298.915832472149	4.80566168836948	
176.365016554721	14	299.967500677717	23.3140466574886	300.872142669247	4.44420301380859	
164.428837584857	13.764	299.520419149842	23.4117502499048	300.434005294775	4.46938691841085	
176.365016554721	10	300.355133614159	17.2951569963917	300.852669497728	3.29558691112294	
173.090969562987	9.7179	300.780600015838	17.0675802532666	301.264454660004	3.24772526253613	
166.892874578636	8.4978	302.033223832376	14.4120775942264	302.376877884471	2.73190262693631	
176.365016554721	6	301.987200620807	10.5771455973324	302.172376877469	2.00597299087592	
169.931919570963	5.2466	301.659664846758	9.54074847338681	301.810502264071	1.81151981628016	
173.090969562987	3.2393	301.639385179222	5.63407838356625	301.691997790017	1.07005714958968	
176.365016554721	2	304.573935479592	5.35116566385581	304.620940100133	1.00654596773989	
