9/23/2024
Time (s)	Frequency (Hz)	Z' (Ω)	-Z'' (Ω)	Z (Ω)	-Phase (°)	OCP value (V)
6.61521398329819	50000	18.2034631852479	0.158786686123334	18.2041557109459	0.499771726343354	-0.00546894073486328
10.2432699741382	30871	19.9823009273241	2.02330305316079	20.0844742424358	5.78176481544627	
12.2172979691543	19060	20.5583552827817	2.43994603953796	20.7026401361985	6.76842605598853	
14.3663299637285	11768	20.7686653142683	3.06261449475461	20.9932624067717	8.38856516260334	
16.4853629583785	7265.5	21.0119852981872	5.18034909626454	21.6411539186432	13.8496495145933	
18.5293929532178	4485.8	21.1657190988527	7.37302855440582	22.4131482624735	19.2056619963072	
20.5784259480445	2769.6	21.2618727382796	11.5805110594398	24.2110608759014	28.5754029234515	
32.0456009190926	2236.32	20.25252651158	15.286782756012	25.374210473072	37.0458218688627	
32.0456009190926	1739.36	20.5077323635192	19.4804262023045	28.2852274467993	43.5283802635272	
22.6174559428964	1710	21.0533414741638	18.6924281751352	28.1540415981495	41.6006040683259	
33.8896279144369	1380.69	20.3040366532824	24.0824730538021	31.4995144852256	49.8656179912579	
32.0456009190926	1242.4	21.2730307861695	26.8434348399874	34.2507201798439	51.6036884679674	
33.8896279144369	1073.87	21.6291605822269	31.3968260131961	38.12586092398	55.4371832897963	
24.5514839380135	1055.8	21.1843334183782	30.9595421321531	37.5135872906548	55.617778612075	
35.8936579093772	852.471	21.9161333660675	39.6162194810234	45.274294557595	61.0481433537998	
33.8896279144369	767.05	21.9353084801005	44.0149354630349	49.1779656140054	63.5101438657099	
32.0456009190926	745.44	22.0895365418708	44.6165887018626	49.7854156558507	63.6601290079474	
35.8936579093772	663.033	22.8787183954866	51.3435804739085	56.210310542646	65.982229638661	
26.5555159329538	651.84	23.3057630697633	51.4613447793231	56.4927304948195	65.6352255814464	
37.9376869042165	526.32	25.7669862149041	63.9814192020298	68.9750649271527	68.0640681309786	
35.8936579093772	473.595	26.466793175729	71.3986635357143	76.1463084836879	69.6607445793738	
33.8896279144369	460.23	27.1323606600092	74.1717801806261	78.9785918470818	69.9072599517217	
37.9376869042165	409.36	29.9316831172765	82.5532595958851	87.8119941929271	70.0706612021168	
28.5345459279572	402.45	30.4682280625414	83.932103793612	89.2911584004413	70.0485753973561	
40.0517208988791	324.954	36.644742810106	103.318550510437	109.624632520235	70.4715602088426	
37.9376869042165	292.4	40.4944950864809	114.563178670342	121.509366056127	70.53309395761	
35.8936579093772	284.157	42.5637078835038	116.887813496304	124.396262696028	69.9913337592294	
40.0517208988791	252.742	48.7481024195555	129.979504482659	138.820204131333	69.441717888847	
32.0456009190926	248.48	49.3737575218597	132.546342846314	141.443631647946	69.5695447407324	
42.4257558928853	200.628	63.330525614569	159.710674143806	171.808774252326	68.3700486163985	
40.0517208988791	180.53	75.6157341013345	173.292574498162	189.071562165982	66.4260836687627	
37.9376869042165	175.44	78.6021257499023	177.625457595062	194.239793446808	66.1298382573717	
42.4257558928853	156.044	89.7549070237757	194.743952471073	214.432157940226	65.2556501352211	
33.8896279144369	153.41	94.4171778795462	196.899566643793	218.366762176049	64.3813746277074	
44.7597918869924	123.876	125.041573019693	228.991893650224	260.907421015108	61.3631469888402	
42.4257558928853	111.46	144.842375223505	242.578871412821	282.531100086884	59.1588303785493	
40.0517208988791	108.318	153.166350680774	247.353407395193	290.935798984721	58.233351004504	
44.7597918869924	96.348	176.096680943111	261.826311239808	315.536144200034	56.0763826694892	
35.8936579093772	94.719	182.295644701341	264.21983256893	321.00439560827	55.3966808641969	
47.2188288807839	76.4802	234.901951189817	284.10558421889	368.639267654899	50.415643665479	
44.7597918869924	68.82	265.128553925597	290.526609937759	393.317761089688	47.6170714397388	
42.4257558928853	66.876	271.587726455193	291.0204441592	398.061291863098	46.9782333456027	
47.2188288807839	59.4846	306.120683007165	297.155128784032	426.627522702683	44.1485642309174	
37.9376869042165	58.48	313.459943236715	292.913727101105	429.017001455916	43.0593463817404	
50.2778758730606	47.2194	373.547132309533	288.078655449885	471.727433781934	37.6393236001116	
47.2188288807839	42.489	401.728441584568	280.908615824412	490.199338251647	34.9631701699497	
44.7597918869924	41.292	409.63496110371	277.041373339599	494.522723340727	34.0709930498293	
50.2778758730606	36.7262	438.397375152228	267.214046637666	513.4156262336	31.3633411355882	
40.0517208988791	36.106	445.372104865337	264.678822533255	518.084154254665	30.7224625822019	
53.4719248649964	29.1537	487.846342558738	238.190270659727	542.889177443142	26.0238766919049	
50.2778758730606	26.233	506.146652816836	223.388305848979	553.251090688273	23.8143111385218	
47.2188288807839	25.4934	511.683434524209	219.048568634826	556.598789602939	23.1754728171058	
53.4719248649964	22.6751	529.818629290227	201.085357584795	566.694892316827	20.7835675134056	
42.4257558928853	22.292	531.045413372673	199.988277639412	567.454440688706	20.6360503420156	
56.7759718566545	18	556.227453456191	169.551568086127	581.495240065492	16.9524881678861	
53.4719248649964	16.1965	564.849273210408	156.460651490309	586.118278942994	15.4824868658277	
50.2778758730606	15.7398	567.899011655801	152.585358067478	588.040456887293	15.039272014326	
56.7759718566545	14	576.02590971359	137.647784497402	592.243835964893	13.4394372764799	
44.7597918869924	13.764	578.068096915696	137.167324316042	594.119179569013	13.3485979387691	
56.7759718566545	10	592.80576268407	102.633163030854	601.624665738664	9.82231906093899	
53.4719248649964	9.7179	593.020748796878	100.126758724866	601.414147086978	9.58354335595885	
47.2188288807839	8.4978	598.517018087539	89.5830011610128	605.184050547776	8.51255023113049	
56.7759718566545	6	604.880343365649	64.2386222207262	608.281867537545	6.06212050824231	
50.2778758730606	5.2466	606.650891515634	56.3598898108514	609.263277537884	5.30773347307979	
53.4719248649964	3.2393	611.236551416284	37.8103407075592	612.404885391759	3.53973605193349	
56.7759718566545	2	614.712805335377	23.6501371666688	615.167588573465	2.20328101038933	
9/23/2024
Time (s)	Frequency (Hz)	Z' (Ω)	-Z'' (Ω)	Z (Ω)	-Phase (°)	OCP value (V)
66.4352368322672	50000	18.4733400432106	0.122377243756956	18.4737453847853	0.379552208418457	-0.00602760314941406
70.1682918228421	30871	20.0704673611996	1.98960080123456	20.1688415989925	5.66127856289434	
72.1373188178708	19060	20.7897522678861	2.50616915464419	20.9402646399649	6.87374034204908	
74.2213518126091	11768	21.1136352795986	3.2026355027085	21.3551508747449	8.62519758793002	
76.3903858071328	7265.5	21.120592891682	5.01580894644831	21.70801196525	13.3593662301489	
78.499417801808	4485.8	21.3399860802832	7.45901554986422	22.6060151039452	19.2661726339844	
80.5834477965464	2769.6	21.3146581909258	11.6369274529024	24.2844134032534	28.6327264125285	
92.2056267672032	2236.32	20.6466381035544	14.4569895029378	25.2049243297257	35.000107748508	
92.2056267672032	1739.36	20.4629798858808	18.8013094250837	27.7888967378647	42.5766802665038	
82.5824787914993	1710	21.2031231364893	18.6648837569781	28.248014379822	41.3571194722679	
94.1946547621814	1380.69	20.4784373662258	24.2151978843472	31.7134388791333	49.7792892182368	
92.2056267672032	1242.4	20.9656305820692	26.8469327468575	34.0634035824091	52.0125813873781	
94.1946547621814	1073.87	22.5141038507011	30.5649829110055	37.9618631332843	53.62471564609	
84.5315077865785	1055.8	21.5482492250827	31.0276775197256	37.7762334932211	55.2206102230896	
96.203683757109	852.471	22.4269957401644	39.0567967603109	45.0378009132949	60.1349142788945	
94.1946547621814	767.05	21.9651182532353	43.2063982927033	48.4691579595347	63.0522854535494	
92.2056267672032	745.44	22.640250291842	44.5499206108884	49.972756174877	63.0603424303642	
96.203683757109	663.033	23.1181198729443	50.875034029909	55.8812719433284	65.5624816394442	
86.6755407811653	651.84	23.4806821605418	51.3180473439589	56.4347802150517	65.4134352149368	
98.3277157517464	526.32	25.5568068344354	64.9592503815253	69.8058348972515	68.5239201313848	
96.203683757109	473.595	26.8308117198736	70.3499009305236	75.2927686998014	69.123604287536	
94.1946547621814	460.23	27.8396334724562	73.3719827191962	78.4760666702067	69.2216824568586	
98.3277157517464	409.36	29.6741301829788	82.7621957554503	87.9211865728611	70.2748612649609	
88.7195717760046	402.45	30.6375812022129	83.7698121239333	89.1966524327078	69.9107476302959	
100.406748746497	324.954	37.0500772725865	102.913529841336	109.379627217815	70.2005289948624	
98.3277157517464	292.4	41.4877992493212	113.189499521403	120.553308907129	69.8703976093885	
96.203683757109	284.157	42.1739211052573	117.463161164999	124.804782970314	70.2498544217735	
100.406748746497	252.742	48.6264826627292	130.578429800346	139.338656320752	69.5750255583164	
92.2056267672032	248.48	49.7622928523408	132.311452636935	141.359846805301	69.3887365413003	
102.845783740339	200.628	62.8555597324524	159.285921060195	171.23909027227	68.4653922959651	
100.406748746497	180.53	74.9099068078172	173.170831206804	188.678644575403	66.6077486663444	
98.3277157517464	175.44	77.9956725698698	177.697575489449	194.061210123133	66.3021923693701	
102.845783740339	156.044	90.026639682175	194.502871579868	214.327233232921	65.1627019374769	
94.1946547621814	153.41	95.1717899525767	197.295498867908	219.050641351068	64.2481769367942	
105.209820734371	123.876	125.124926795988	228.311478829605	260.35049197392	61.2752831609524	
102.845783740339	111.46	145.762156451596	241.169357010792	281.796495745455	58.8513394635528	
100.406748746497	108.318	152.813924960965	246.109415270573	289.692837237649	58.1630830583729	
105.209820734371	96.348	176.204367318941	260.450421832085	314.455722312028	55.920191227879	
96.203683757109	94.719	183.429925530085	263.537351463804	321.089509633263	55.1609219265311	
107.683857728124	76.4802	235.228361238402	282.703308686992	367.768327447426	50.2372432459164	
105.209820734371	68.82	264.758452113457	288.201296944125	391.3528146389	47.4276128898699	
102.845783740339	66.876	271.585933000673	290.4885809186	397.671390280905	46.9261394981227	
107.683857728124	59.4846	308.55616848324	292.159226970754	424.928138646061	43.4364603659026	
98.3277157517464	58.48	314.570521967092	292.839990021021	429.778865285579	42.9510776277773	
110.68790272054	47.2194	372.490013025678	285.981711852527	469.610848807788	37.5154941168852	
107.683857728124	42.489	401.298493366555	277.589124612971	487.951025085164	34.6726678264104	
105.209820734371	41.292	407.757289472106	276.571305583744	492.704469423544	34.1480376739884	
110.68790272054	36.7262	435.951528275092	263.64815424602	509.474321475304	31.1640735617625	
100.406748746497	36.106	443.571012928255	262.585649543543	515.467231602944	30.6247302137475	
113.771950712753	29.1537	485.836568891916	233.223451178801	538.915902393333	25.6431046922695	
110.68790272054	26.233	504.462843070726	220.446298388427	550.526412183974	23.6049498398574	
107.683857728124	25.4934	509.205355210455	215.866267069551	553.071730459574	22.9734343102873	
113.771950712753	22.6751	526.662294594051	198.959342773044	562.990224270149	20.6952633243853	
102.845783740339	22.292	528.824647722926	197.511946344325	564.50551546287	20.4802742207592	
117.051001704475	18	552.176690195234	166.47675363365	576.72663081859	16.7776292651072	
113.771950712753	16.1965	561.512796258611	154.456277794266	582.368750975036	15.3800702975653	
110.68790272054	15.7398	563.38653590927	149.665790824069	582.927300601748	14.8772249410972	
117.051001704475	14	572.219078709566	134.421550995889	587.795736128942	13.2198130620881	
105.209820734371	13.764	573.336550349654	134.984132491444	589.012322444369	13.2482289572111	
117.051001704475	10	588.179769146399	101.893375117043	596.940282378274	9.82809911865525	
113.771950712753	9.7179	588.247642620595	97.7779063078722	596.318545754396	9.43736150362358	
107.683857728124	8.4978	593.093598778264	86.8812802981119	599.423367727678	8.33388756532818	
117.051001704475	6	599.236784338528	64.0363784760138	602.648638489048	6.09966349055275	
110.68790272054	5.2466	601.620682804682	56.103697552368	604.230974758345	5.32766797028273	
113.771950712753	3.2393	607.102428129191	36.3529934066673	608.189853886091	3.42675127216393	
117.051001704475	2	609.440642000051	21.2558582404217	609.811206547544	1.99753251869987	
9/23/2024
Time (s)	Frequency (Hz)	Z' (Ω)	-Z'' (Ω)	Z (Ω)	-Phase (°)	OCP value (V)
126.698262680118	50000	18.5094492252883	0.134148613751646	18.5099353449464	0.415248164790677	-0.00617103576660156
130.201316671273	30871	20.059198888211	1.98068126886254	20.1567496964572	5.63920810539977	
132.065341666567	19060	20.7631066512349	2.46379778196447	20.9087756054956	6.76720438101574	
134.089373661457	11768	21.023522797708	3.17306971172648	21.2616293406978	8.58284282688798	
136.208404656107	7265.5	21.2280009764814	5.07861179444287	21.8270548452178	13.4546163877384	
138.262434650921	4485.8	21.4575204727149	7.63297587567674	22.774711975251	19.5817428179847	
140.296467645785	2769.6	21.5132180049458	11.7491066758265	24.5124469730844	28.6404684787422	
151.973645616303	2236.32	20.8228089769881	14.7666632667197	25.5273131708926	35.3426678420703	
151.973645616303	1739.36	20.8162756427222	18.9511120182131	28.1507012054878	42.3146904367008	
142.335497640637	1710	21.2873543045508	18.7770594068758	28.3853732273652	41.414735294366	
153.867672611521	1380.69	20.608324304435	24.4847657687559	32.0032308585806	49.9133698796411	
151.973645616303	1242.4	20.7428848562422	26.9157260073252	33.9812239135191	52.3799812774195	
153.867672611521	1073.87	21.3923703569099	31.5814551791881	38.144748271843	55.8874156073137	
144.269525635754	1055.8	21.6304061462213	31.0281271880148	37.823526367145	55.1187788342578	
155.891704606411	852.471	21.829753793847	39.3296517230197	44.9817702558937	60.9677238557032	
153.867672611521	767.05	22.4430991453443	43.3116759741825	48.7810821419567	62.6078639010188	
151.973645616303	745.44	22.4973664750015	45.0881437140554	50.3892071964804	63.4824492023784	
155.891704606411	663.033	23.2264287125054	50.1705079392885	55.2860457766995	65.1582299925378	
146.343556630518	651.84	23.5728943847004	51.3074320184343	56.4635628525024	65.323865815071	
157.905732601326	526.32	25.0816610749082	65.2139016523661	69.8709001731125	68.9629549223942	
155.891704606411	473.595	27.3272053340288	71.5650641365572	76.6050556832754	69.1005836211075	
153.867672611521	460.23	28.0034957503361	73.2561663781945	78.426154353435	69.0797392572101	
157.905732601326	409.36	29.7511428542108	82.5755251323531	87.7715663071791	70.1864113314884	
148.332587625496	402.45	30.8488568400364	83.6377490794539	89.1455273102064	69.754062877272	
160.054765595901	324.954	37.0942971955454	102.654276654054	109.150755378964	70.1325921153889	
157.905732601326	292.4	41.4525270589362	113.74463848568	121.062606876813	69.9764895318584	
155.891704606411	284.157	42.7318481955955	116.233504973264	123.839567701851	69.8146564400489	
160.054765595901	252.742	49.1303494152192	129.609754946617	138.609089929137	69.2401020435083	
151.973645616303	248.48	49.0215714819261	131.870842809881	140.687716784181	69.6079225819427	
162.49880258973	200.628	65.0865082704718	158.05335248594	170.930148864637	67.6180932402279	
160.054765595901	180.53	75.7219036019141	172.556742135709	188.440006213084	66.3070188312007	
157.905732601326	175.44	79.2371556092844	176.942835264587	193.874427866392	65.8765838397682	
162.49880258973	156.044	91.0528744768738	194.062563819909	214.3616211612	64.8643401831258	
153.867672611521	153.41	95.2699024670497	196.111751945117	218.02791923757	64.089799005688	
164.92284058361	123.876	125.255840321692	225.746075287967	258.167224958192	60.9761738808155	
162.49880258973	111.46	145.863604827351	239.964083352483	280.818362135432	58.7064233849577	
160.054765595901	108.318	153.817294565482	244.420914520238	288.792907742475	57.817253284213	
164.92284058361	96.348	176.269558398793	258.926767779711	313.231588909794	55.7541432383176	
155.891704606411	94.719	183.464035887745	261.342007714455	319.309720272406	54.9308590921879	
167.521879577048	76.4802	235.954702955669	280.502508655815	366.546421629107	49.9299326051812	
164.92284058361	68.82	265.775583618743	286.220727756843	390.587974527558	47.1211830844782	
162.49880258973	66.876	273.480741922622	287.336169530039	396.678447262695	46.4152498808397	
167.521879577048	59.4846	307.741607746985	286.563528746871	420.503927623225	42.9591269851235	
157.905732601326	58.48	311.673502391873	287.636946136049	424.117182952647	42.7032679738772	
170.5509235694	47.2194	370.862321318339	280.869579873189	465.216704635344	37.1381730450119	
167.521879577048	42.489	398.277545108942	272.829282556825	482.763731403342	34.4120406812628	
164.92284058361	41.292	406.950647863553	271.434485429764	489.168181382524	33.7031320093183	
170.5509235694	36.7262	433.740640309175	258.897019022452	505.13226932609	30.8327075180742	
160.054765595901	36.106	440.745841373474	256.729563290484	510.065648083984	30.2203253496094	
173.719972561399	29.1537	481.746727245245	229.160248795493	533.473831447726	25.4397861401094	
170.5509235694	26.233	498.708381201591	215.313829208884	543.20354797194	23.3519318805748	
167.521879577048	25.4934	503.811929107693	211.141065247471	546.266427071125	22.7379275985112	
173.719972561399	22.6751	519.583644959041	194.043369996971	554.635009306755	20.4786162149535	
162.49880258973	22.292	523.602795112296	192.614062338649	557.906859663875	20.1966984159541	
177.049024552994	18	545.366584396799	162.78079520939	569.141721072732	16.6192906424371	
173.719972561399	16.1965	555.341665705497	149.891675211088	575.214638170955	15.1047116670134	
170.5509235694	15.7398	557.291975538164	146.782852352854	576.298144838302	14.7557801594927	
177.049024552994	14	565.013285420102	131.760315854542	580.173072052906	13.1267018658537	
164.92284058361	13.764	566.282213167462	131.180054302831	581.277688886071	13.0425951913076	
177.049024552994	10	579.962031484515	98.0928270929078	588.199082531353	9.59996080707865	
173.719972561399	9.7179	582.373120889588	96.2308404218414	590.270130180219	9.38272380209963	
167.521879577048	8.4978	585.398220725225	82.6609327432556	591.20546904629	8.03729197576961	
177.049024552994	6	592.151371505705	61.6804824022372	595.355128209592	5.94667619598264	
170.5509235694	5.2466	592.469281632024	54.7367862886953	594.992407893396	5.27843286282613	
173.719972561399	3.2393	599.14284211223	34.8163494310066	600.15358321185	3.32573285755173	
177.049024552994	2	599.953756165593	23.0828119937437	600.397639691182	2.20332933101476	
