9/23/2024
Time (s)	Frequency (Hz)	Z' (Ω)	-Z'' (Ω)	Z (Ω)	-Phase (°)	OCP value (V)
6.66321998317699	50000	19.2162821815983	0.967073691384679	19.2406011446467	2.88102211757275	-0.00498867034912109
10.1962729742569	30871	20.8906212239831	3.07338954909729	21.1154866968401	8.36921330305258	
12.0802979695002	19060	21.8322416821759	4.03565787066457	22.2021015067943	10.4728267467642	
14.1743319642133	11768	22.2198263877088	5.34550922862661	22.8537776661377	13.5268178335952	
16.1583619592041	7265.5	22.5469749264629	8.3784721615764	24.0533755239645	20.3851024375999	
18.2423919539424	4485.8	23.1895277013429	12.4342571024306	26.3128285195776	28.2002714365539	
20.2364239489079	2769.6	23.5742147491967	19.6192482620738	30.6701565599221	39.7683570223015	
31.7235979199056	2236.32	23.4987944800317	24.190449811717	33.7249344566889	45.8309243247415	
31.7235979199056	1739.36	24.0459761157286	31.1030136159466	39.3142012935778	52.292118018014	
22.210451943924	1710	24.6618148624566	31.3605935538998	39.8960140911719	51.818665540455	
33.5776259152246	1380.69	25.3252613682224	39.9496621985295	47.3005747654867	57.6281921649796	
31.7235979199056	1242.4	26.1907063538035	43.7062674363534	50.9528302700567	59.0681155422715	
33.5776259152246	1073.87	28.0065480295546	50.7740426217926	57.9859477519456	61.1192293711263	
24.1194809391042	1055.8	28.2602543743192	50.9472643435365	58.2603271651594	60.98303408738	
35.5316549102912	852.471	32.3192062568144	63.7837328464616	71.5045150245724	63.1286751933277	
33.5776259152246	767.05	33.9152067019746	70.19792270229	77.9614622576715	64.2130977060466	
31.7235979199056	745.44	34.7896703044945	71.6214288114978	79.6238043859741	64.0921203290455	
35.5316549102912	663.033	38.4835231187	79.4629567555397	88.2912399276411	64.1593190553967	
26.1535129339687	651.84	39.2274206736246	80.9998981320172	89.9987446029259	64.159568682979	
37.5406849052189	526.32	48.8167241470432	97.891712446795	109.388573087935	63.4954452719586	
35.5316549102912	473.595	54.1249744312985	107.260119219477	120.142607064126	63.2238421229597	
33.5776259152246	460.23	56.1506598930831	110.454052888572	123.907200783248	63.0529395106038	
37.5406849052189	409.36	64.3280081993337	120.172966704651	136.30713321573	61.8400720129306	
28.1325439289722	402.45	65.8117747053623	122.168648918037	138.767317724052	61.6888266506945	
39.674718899831	324.954	85.2426172151049	142.147826188956	165.747724810709	59.0499019967467	
37.5406849052189	292.4	97.8757528839933	151.034419668106	179.975161972674	57.0553067646586	
35.5316549102912	284.157	101.216845929487	154.153439946799	184.412941377076	56.7111759573043	
39.674718899831	252.742	117.688519982498	163.8639043721	201.747284719621	54.3137548281266	
31.7235979199056	248.48	118.8647430366	165.602908507223	203.845898764749	54.3303621998668	
42.153754893572	200.628	151.866736859529	179.58046839406	235.18641625951	49.7796294414419	
39.674718899831	180.53	171.680338086816	183.929715020538	251.603415225509	46.9728357135077	
37.5406849052189	175.44	176.642113506428	185.299468526544	256.004549374103	46.3702082432129	
42.153754893572	156.044	196.596876031875	187.514612241783	271.68375267888	43.6455014887235	
33.5776259152246	153.41	202.111078919023	188.471466616746	276.351916856893	42.9999752006502	
44.5677908874771	123.876	239.304199748873	185.406379290042	302.724339125369	37.7675497494142	
42.153754893572	111.46	257.341306910847	181.020528037143	314.631498444495	35.1235444276177	
39.674718899831	108.318	264.288157894626	179.856832003504	319.682202228512	34.2365823358956	
44.5677908874771	96.348	281.301732738142	172.201165773018	329.824053602928	31.4732266295988	
35.5316549102912	94.719	286.582703010385	173.156336467623	334.832439473279	31.1408208015158	
47.1468298809657	76.4802	314.729257526165	155.3799250207	350.994909710112	26.2752738862583	
44.5677908874771	68.82	326.938915729945	145.879629394861	358.008269305409	24.046353416015	
42.153754893572	66.876	329.911160630464	143.077526510253	359.600545746015	23.4456549597258	
47.1468298809657	59.4846	342.451618766104	135.400781868723	368.247855290681	21.573178444173	
37.5406849052189	58.48	346.408134064647	128.528521165345	369.483661477881	20.3564680908014	
50.1958758732676	47.2194	359.223966697715	112.620059123393	376.463990265998	17.4066939159753	
47.1468298809657	42.489	366.260639126791	103.354642235208	380.564104777544	15.7584708160465	
44.5677908874771	41.292	368.689203142251	101.463249468915	382.395762929532	15.3869014111404	
50.1958758732676	36.7262	373.697325232176	91.1105944385326	384.643771956112	13.7018822562745	
39.674718899831	36.106	377.0514378073	90.3058941825837	387.715025858772	13.468940748785	
53.3899238652034	29.1537	383.810542054771	75.9125967971389	391.245772558455	11.1879419902826	
50.1958758732676	26.233	385.747899999893	69.5848103992073	391.973836107234	10.2255798999455	
47.1468298809657	25.4934	386.45407338519	66.6963899656061	392.16725930456	9.79196377731379	
53.3899238652034	22.6751	389.251170952293	59.9297036824563	393.837585142909	8.75261956237572	
42.153754893572	22.292	390.053082262972	60.1060135643382	394.65699011856	8.76020238610511	
56.7189768567983	18	392.825308680252	49.4336412843921	395.923487596239	7.17247188489172	
53.3899238652034	16.1965	394.180277380235	43.9483513643859	396.622677948711	6.36180601611641	
50.1958758732676	15.7398	394.510325167454	43.2154496288177	396.870220286621	6.25136940039732	
56.7189768567983	14	396.546618302151	39.5174799066218	398.510792457422	5.69096772675765	
44.5677908874771	13.764	395.632076400536	39.8065093564535	397.629599079526	5.74547731115556	
56.7189768567983	10	398.662540636612	29.2275831086132	399.73250170734	4.19308636924023	
53.3899238652034	9.7179	398.397446369485	28.7375657749375	399.43256372058	4.12576534460763	
47.1468298809657	8.4978	400.171567259724	26.0947471866864	401.021469592142	3.73091246859436	
56.7189768567983	6	400.523582698805	19.1206663169981	400.979725395552	2.73317830469645	
50.1958758732676	5.2466	401.548006013116	17.4085997871855	401.925192641193	2.48243067629436	
53.3899238652034	3.2393	402.459657400773	12.383521705659	402.65013031785	1.76241202123765	
56.7189768567983	2	404.371220356254	8.58351238006675	404.462310403806	1.21602419618964	
9/23/2024
Time (s)	Frequency (Hz)	Z' (Ω)	-Z'' (Ω)	Z (Ω)	-Phase (°)	OCP value (V)
67.1052488305755	50000	19.1960744061437	0.939803951943907	19.2190661603079	2.80285640010854	-0.00526599884033203
70.7183048214534	30871	21.021818611361	3.00803903634975	21.2359402093048	8.14324896766812	
72.6523308165705	19060	21.7984719781649	3.98652611217297	22.1600038588868	10.3637811654575	
74.6213608115992	11768	22.1812970418281	5.36866595231366	22.8217552472492	13.6059673233169	
76.7503948062239	7265.5	22.5609049341908	8.37785158944866	24.0662175820053	20.3721655939507	
78.8094238010253	4485.8	22.9484491676121	12.539324375613	26.150831248649	28.652753296304	
80.9634567955869	2769.6	23.5511499263384	19.3986762687249	30.5117240389929	39.4776950860803	
92.5856347662437	2236.32	23.188308978263	24.9788165339972	34.0828248346654	47.1288650980463	
92.5856347662437	1739.36	23.7222157486812	30.5968704048898	38.7157848764635	52.2130380033127	
82.9274867906282	1710	24.6854740153082	31.4085756190519	39.948357285102	51.8345322514121	
94.4596627615123	1380.69	25.356597146897	39.6461188869095	47.0613616639488	57.3981062854052	
92.5856347662437	1242.4	25.3781725065939	43.3706792762838	50.2500493597838	59.6661408295983	
94.4596627615123	1073.87	27.7155160716868	50.5563766564118	57.6549828873872	61.2680020212611	
84.8565187857579	1055.8	28.2725247244485	50.8609469702304	58.190820418715	60.9312431535967	
96.4586927564652	852.471	31.9719003705745	63.3684916943019	70.9772368644818	63.2272563791097	
94.4596627615123	767.05	34.4084914270035	69.5967479144227	77.6379520759395	63.6923015596375	
92.5856347662437	745.44	34.8485514403046	71.7477034991878	79.7631148770841	64.0937072398521	
96.4586927564652	663.033	38.111422807456	79.4640414506385	88.1306668083107	64.3773491511039	
86.8905467806225	651.84	39.1412260051209	80.9980220303166	89.9595194851973	64.2084566291105	
98.5927257510773	526.32	47.9849490823322	97.75341851634	108.895758273978	63.8546194942645	
96.4586927564652	473.595	54.142752307833	106.197058847991	119.202571010155	62.986017763212	
94.4596627615123	460.23	55.4908202594547	110.161712218811	123.348425089448	63.2646229836448	
98.5927257510773	409.36	64.6414603788887	120.552467104181	136.789676967307	61.7993375129985	
88.8895767755754	402.45	65.8905992141383	122.125355560983	138.76661535	61.6516959099708	
100.641757745904	324.954	84.8249151265053	141.672009168858	165.124875194986	59.0892914216283	
98.5927257510773	292.4	97.9824947758197	151.536953437661	180.455029133746	57.1136376794459	
96.4586927564652	284.157	101.625770240996	154.066815232403	184.565383354872	56.59030114473	
100.641757745904	252.742	117.079381918325	164.008003916807	201.509818666864	54.4783312898032	
92.5856347662437	248.48	119.733128421292	165.376507887782	204.170055107763	54.0953395919015	
103.040791739847	200.628	151.234336831791	179.438551841761	234.670020505433	49.8751525099269	
100.641757745904	180.53	171.307814672847	183.805466300577	251.258466145837	47.0156026739327	
98.5927257510773	175.44	176.976589178494	184.68900984593	255.794338238991	46.2216317819059	
103.040791739847	156.044	196.015216339038	186.86832994763	270.816797436674	43.6314942838269	
94.4596627615123	153.41	200.324235057705	186.806225685954	273.90941040148	43.0001307049422	
105.394826733904	123.876	238.356217916654	185.192853517565	301.844462618597	37.84571868446	
103.040791739847	111.46	256.453667846365	180.311569619104	313.497601091873	35.1109025135597	
100.641757745904	108.318	263.925470914508	179.301053248918	319.06977590116	34.1907157851662	
105.394826733904	96.348	280.799400759262	172.944124632832	329.784738445819	31.6288821369129	
96.4586927564652	94.719	286.265988011472	171.507360301426	333.710938582701	30.9266214985782	
107.878864727632	76.4802	313.669787494033	154.928632213801	349.845132403169	26.2858122287366	
105.394826733904	68.82	326.567016504156	145.577869252396	357.545706566998	24.026477548159	
103.040791739847	66.876	328.781938916301	144.089629253581	358.969893745976	23.6655740369871	
107.878864727632	59.4846	341.24332024384	134.328734773824	366.730435874876	21.4868324754257	
98.5927257510773	58.48	343.16836430084	131.979737637916	367.672649790391	21.0363336657957	
110.947910719883	47.2194	358.505008586557	111.738538456364	375.514769560416	17.3111679695658	
107.878864727632	42.489	365.363314241389	104.453701323581	380.001219884421	15.9547009260671	
105.394826733904	41.292	368.096991212591	101.383642830662	381.803664169659	15.3989639846805	
110.947910719883	36.7262	372.406509407245	91.8695839254339	383.570891361064	13.8577019429055	
100.641757745904	36.106	375.926260896324	89.3275528860233	386.393536871538	13.3667201244665	
114.131958711845	29.1537	382.58518159974	75.553808855818	389.974100694299	11.1711612307875	
110.947910719883	26.233	384.194862003465	68.317947317096	390.221775296412	10.0830032863009	
107.878864727632	25.4934	385.085126302909	66.7652464140018	390.830081529621	9.83604235425387	
114.131958711845	22.6751	387.404441136551	60.7346864212191	392.136332347575	8.90992711954655	
103.040791739847	22.292	388.672177238818	60.2834304487149	393.319403724541	8.81638214661544	
117.406008703578	18	391.789830517977	48.798960140109	394.817185299805	7.09984980955582	
114.131958711845	16.1965	393.141608115252	45.0430910657019	395.713537908674	6.53600288694086	
110.947910719883	15.7398	393.823732857876	44.2837970309361	396.305673996208	6.41571611720614	
117.406008703578	14	394.589318874899	38.1022588213924	396.424662070171	5.51548412839142	
105.394826733904	13.764	394.377984939428	39.3539147765469	396.336631682114	5.69852680181985	
117.406008703578	10	396.79234924002	28.7514265510943	397.832644392258	4.14438784535873	
114.131958711845	9.7179	395.72231576599	28.1473513984331	396.72209994648	4.06854207455798	
107.878864727632	8.4978	398.014521416815	26.1735707834092	398.874184507108	3.76237289431651	
117.406008703578	6	399.490720815395	18.563721971859	399.921802095175	2.66053324668165	
110.947910719883	5.2466	400.570997650145	16.7096926871722	400.919365942994	2.38869046171923	
114.131958711845	3.2393	401.342757310099	12.6573923961844	401.542299674074	1.80637337050058	
117.406008703578	2	403.483017140274	7.76516883275056	403.55773188928	1.10254078955488	
9/23/2024
Time (s)	Frequency (Hz)	Z' (Ω)	-Z'' (Ω)	Z (Ω)	-Phase (°)	OCP value (V)
126.837266679767	50000	19.1425127102022	0.901444094696944	19.1637260029494	2.69613582097438	-0.00536975860595703
130.330322670948	30871	20.8886826341112	3.00436087541839	21.103631120221	8.18456389553471	
132.209346666203	19060	21.8801758971324	3.96154734400356	22.2359158715857	10.2625943419509	
134.27837966098	11768	22.2552572554323	5.27566796259621	22.8720167006986	13.3359539252631	
136.302408655869	7265.5	22.4020579957012	8.28045887194013	23.8834294349169	20.285793651687	
138.361441650671	4485.8	22.9725469481304	12.5112077988917	26.1585212477904	28.5734012279031	
140.420473645472	2769.6	23.3803969261246	19.3257050373214	30.3335760439267	39.5763624053894	
152.132652615902	2236.32	23.6978603002809	24.0600472282272	33.770911380005	45.4345120130496	
152.132652615902	1739.36	23.1696329877568	30.5383559202567	38.3330546017354	52.8121922734249	
142.409501640451	1710	24.3656262148451	31.3293899156196	39.6889709280358	52.1269273915476	
154.051679611057	1380.69	24.9172585120583	39.1370942284749	46.3959256444492	57.516477340709	
152.132652615902	1242.4	26.2059435700926	43.4981891029255	50.7823191045146	58.932694243717	
154.051679611057	1073.87	27.791972097991	50.2768284314794	57.4469597996615	61.0671065503424	
144.413532635391	1055.8	28.3567149133544	50.788161539349	58.168209816224	60.8239283392741	
156.045708606022	852.471	31.7148378473884	63.0285948254345	70.5580236780689	63.2892944130898	
154.051679611057	767.05	34.2654843084148	69.4674632922969	77.4587107506757	63.7447441015375	
152.132652615902	745.44	35.0608715242096	71.4289056301959	79.5698012537707	63.8558914152787	
156.045708606022	663.033	38.7370918869917	79.2124105023515	88.1769145834344	63.9400690751343	
146.497563630129	651.84	39.239718229365	80.7149937442236	89.7477893981239	64.0732250302837	
158.0747406009	526.32	48.3732614526781	97.9891802039293	109.278780468155	63.7263256685487	
156.045708606022	473.595	54.1478810067604	106.500878769219	119.475646874743	63.0500046851515	
154.051679611057	460.23	55.7504266837814	109.061646820961	122.484908795834	62.924667861248	
158.0747406009	409.36	64.6181545288179	120.488870369564	136.72261618929	61.7953505477839	
148.506593625057	402.45	65.7005529678676	121.874478570744	138.455592834578	61.6716136724078	
160.143769595676	324.954	85.7398105825033	142.272576626769	166.11080993946	58.9249553177769	
158.0747406009	292.4	97.6675223193413	151.192758859769	179.994986729151	57.1383420602641	
156.045708606022	284.157	100.972588772674	153.127323832018	183.421484530605	56.5990293236522	
160.143769595676	252.742	116.742709488654	163.469834427165	200.876198157963	54.4673026140587	
152.132652615902	248.48	119.030379569942	164.476413162695	203.028869246297	54.1070150777337	
162.562806589568	200.628	150.29958914142	178.615486668672	233.438339982888	49.9203922104138	
160.143769595676	180.53	171.663218077394	183.627381466801	251.370793182186	46.9286666648899	
158.0747406009	175.44	176.596776966421	183.865752955913	254.937319247247	46.1552524048644	
162.562806589568	156.044	196.445995515793	185.574857265911	270.238888399605	43.3699782758181	
154.051679611057	153.41	202.27910861353	187.899627852361	276.085327260504	42.8894009585085	
164.886841583701	123.876	238.02092666145	183.746943822864	300.694032020953	37.6673545283145	
162.562806589568	111.46	256.428548701756	179.557402161665	313.043864754342	35.0006295987761	
160.143769595676	108.318	264.618000857598	178.876201609059	319.404730522196	34.0578660531408	
164.886841583701	96.348	279.559817037554	172.395664394047	328.441709293956	31.6608170070523	
156.045708606022	94.719	285.052595891803	170.632880890354	332.22065327971	30.9047978968986	
167.450882577227	76.4802	313.363725069888	154.360825965975	349.319465221414	26.2245415627257	
164.886841583701	68.82	326.453160598363	146.456827224404	357.800598525631	24.1624564741501	
162.562806589568	66.876	328.749710371581	142.152018451871	358.16695606845	23.3837500548594	
167.450882577227	59.4846	342.443933686033	132.892476666369	367.325820046571	21.2097766748679	
158.0747406009	58.48	344.902004321432	132.385258628984	369.436394102157	20.9985207746116	
170.499927569529	47.2194	357.887577621086	111.786829975617	374.939746588017	17.346288655741	
167.450882577227	42.489	365.450078895119	102.632912792811	379.588296648863	15.6868535226833	
164.886841583701	41.292	366.570778920185	100.321780217495	380.0507802178	15.305723970027	
170.499927569529	36.7262	371.584094380825	91.6800510692755	382.727018854017	13.859642332866	
160.143769595676	36.106	375.255545552393	89.5763927121637	385.798722910209	13.425702712899	
173.658976561553	29.1537	380.548884921236	75.1774527310452	387.903471515691	11.1748964380872	
170.499927569529	26.233	383.918481971101	68.8043730932163	390.035181176961	10.1604631764846	
167.450882577227	25.4934	385.764889962333	66.4981442248584	391.454407962154	9.78052563116637	
173.658976561553	22.6751	387.309425216692	60.5459870646899	392.013274534578	8.88483093854859	
162.562806589568	22.292	387.040652200241	60.5919016872999	391.754827673726	8.89753682258984	
176.893023553388	18	391.779880962916	48.4854777565704	394.768687563489	7.05487907531411	
173.658976561553	16.1965	393.119980871756	44.6627052311916	395.648930997138	6.48163194771066	
170.499927569529	15.7398	392.74866494857	43.3184739421121	395.130363302489	6.29403560201775	
176.893023553388	14	393.786007492228	38.6369410410871	395.676929968985	5.60373043480676	
164.886841583701	13.764	394.103730319461	38.522032643364	395.981940561298	5.58269437736	
176.893023553388	10	396.145408166164	29.482178444819	397.240963719741	4.25625541558815	
173.658976561553	9.7179	395.692752687062	28.2700452636167	396.70133600515	4.08652109732665	
167.450882577227	8.4978	396.711043540265	24.7992804528873	397.485416559887	3.57703071444489	
176.893023553388	6	398.736756744172	19.1559403565654	399.196632287655	2.75046456411342	
170.499927569529	5.2466	397.888010720662	16.4378843259715	398.227413818235	2.36570617991447	
173.658976561553	3.2393	400.239296828106	11.6634588913345	400.409204438118	1.66919616392748	
176.893023553388	2	401.903220491302	7.59357435421102	401.974950727969	1.08241979301855	
