9/23/2024
Time (s)	Frequency (Hz)	Z' (Ω)	-Z'' (Ω)	Z (Ω)	-Phase (°)	OCP value (V)
6.63421398325022	50000	18.5621839533513	0.876553110879362	18.5828689516513	2.70364263458605	-0.00466817220052083
10.3222719739388	30871	20.3249334956549	2.86873365259114	20.5263867831702	8.03386241589045	
12.2212989691442	19060	21.2459591187479	3.68705747743385	21.563514827537	9.84514761710847	
14.3003289638951	11768	21.5981257829335	4.99740461755179	22.1687412869324	13.0279136868396	
16.2943599588607	7265.5	21.8846920424573	7.85852525463019	23.2528743378288	19.7525925918394	
18.2783899538515	4485.8	22.3529736408436	11.6928967534199	25.2265587243759	27.614179161661	
20.232420948918	2769.6	22.917808709296	18.1049832804618	29.2064440769787	38.308603799212	
31.6895949199915	2236.32	22.7875113096096	22.3581955015922	31.924278813671	44.4551587697737	
31.6895949199915	1739.36	22.9190893644872	29.4875594436661	37.3470322681882	52.1440034331228	
22.2114499439215	1710	23.717340798334	29.1396118578085	37.5716546583731	50.857134705064	
33.5686229152474	1380.69	24.7651167621959	36.3215734813408	43.9609793840588	55.7126841310153	
31.6895949199915	1242.4	24.6522832363505	40.3372246368796	47.2739543530191	58.5686172714385	
33.5686229152474	1073.87	27.1587720815972	46.7389352493769	54.0567014275343	59.8402497794602	
24.08547793919	1055.8	27.1849628913528	47.3887310155678	54.632536410733	60.1588824693803	
35.5176519103265	852.471	29.3717656242405	59.2431949125029	66.1245548894367	63.6285702708492	
33.5686229152474	767.05	32.4129682650132	64.6833637372293	72.3501075058735	63.3844553592735	
31.6895949199915	745.44	33.3191395781941	66.6919470920421	74.5518669729935	63.4533944746448	
35.5176519103265	663.033	36.8678027041329	74.9329189901188	83.5115394697677	63.8023174162447	
26.1895119338778	651.84	37.2886273383509	75.6606646498219	84.3503284168546	63.764062605299	
37.6266829050018	526.32	45.4350521261809	92.2856657800419	102.86392987911	63.7875680671446	
35.5176519103265	473.595	51.083594887565	100.827693166224	113.02989593846	63.1312885667438	
33.5686229152474	460.23	52.8883254595236	103.583847540622	116.304722351379	62.9518398329832	
37.6266829050018	409.36	60.7023529115706	113.250576466704	128.493068758753	61.8086743630739	
28.2235419287424	402.45	62.3713203286859	114.329688364864	130.236167177748	61.3858047716349	
39.7057148997527	324.954	80.9514125114249	132.808427099231	155.535235545412	58.636221525841	
37.6266829050018	292.4	91.8804708928042	142.095843937773	169.213621779901	57.1129221199769	
35.5176519103265	284.157	95.2869650991832	144.344190248611	172.959102033805	56.5697146574911	
39.7057148997527	252.742	110.681283679919	154.034218392037	189.675741708529	54.3008660952579	
31.6895949199915	248.48	112.943896043351	154.48304808578	191.367018577718	53.829138502711	
42.094751893721	200.628	142.564543036896	168.850495838007	220.986739140745	49.824791328928	
39.7057148997527	180.53	162.378114995103	172.629035397805	236.996700592517	46.7526529486226	
37.6266829050018	175.44	167.105436926725	174.000488049627	241.247584219988	46.1580084265967	
42.094751893721	156.044	184.437720390867	175.812585503272	254.808433777858	43.6284829590987	
33.5686229152474	153.41	189.969575220169	175.772117718992	258.813208466551	42.7769934555008	
44.5437878875377	123.876	224.474321659531	173.862043587914	283.93085652157	37.7588479952802	
42.094751893721	111.46	241.359091575343	169.788472529443	295.097164489862	35.1251718527994	
39.7057148997527	108.318	248.624048815984	168.51126927027	300.349738672652	34.1284545325874	
44.5437878875377	96.348	264.658398957629	162.367878416968	310.495404282322	31.5291079694104	
35.5176519103265	94.719	268.955848946658	160.801477020651	313.359799104225	30.8740692912325	
47.1028258810768	76.4802	295.588105885185	145.338448839858	329.386692281227	26.1829985894041	
44.5437878875377	68.82	308.680496058376	136.883574585312	337.669604255547	23.9147695398446	
42.094751893721	66.876	309.958089958211	134.017576267881	337.690284549704	23.3823626621418	
47.1028258810768	59.4846	320.92067215012	125.612057019375	344.628012038957	21.3759485923741	
37.6266829050018	58.48	323.321609547973	123.766074754526	346.200670797782	20.9466237642041	
50.1718738733282	47.2194	338.310056063431	105.337474876144	354.329899453777	17.2946931750733	
47.1028258810768	42.489	343.191347263431	95.9221417545594	356.344437469242	15.6157026368065	
44.5437878875377	41.292	345.951931294287	94.6259339200892	358.659735873008	15.297564662246	
50.1718738733282	36.7262	350.911053775882	85.4785141675558	361.171903733379	13.6900774467791	
39.7057148997527	36.106	353.333003825444	84.116560983035	363.207664324314	13.390910262165	
53.4359218650873	29.1537	359.595156361169	70.5459823056222	366.449740207138	11.0994196548344	
50.1718738733282	26.233	361.404978769437	63.4447438621096	366.931593356399	9.95683428356604	
47.1028258810768	25.4934	362.686457788787	63.0196840738973	368.120832396309	9.85718579222732	
53.4359218650873	22.6751	364.621349420589	57.4281258273112	369.116130898297	8.95059902811182	
42.094751893721	22.292	364.079399911377	55.4534485211014	368.278283900518	8.66024159989388	
56.6999728568463	18	369.607556277813	45.8800988953105	372.444263121745	7.0760394992925	
53.4359218650873	16.1965	369.73566581378	42.276697222726	372.144839683182	6.52304347666553	
50.1718738733282	15.7398	370.296443828289	40.0648503671554	372.457579526608	6.17519191001286	
56.6999728568463	14	371.778237253892	36.7806219733902	373.593190313154	5.64997895803895	
44.5437878875377	13.764	370.842172632573	35.9759161843141	372.583123004985	5.54100434145358	
56.6999728568463	10	373.711186619614	27.0105603225841	374.686030395556	4.13395359287888	
53.4359218650873	9.7179	373.061659031126	26.0827484323758	373.972340160129	3.99934830345754	
47.1028258810768	8.4978	374.463411830349	23.639957443045	375.208867682434	3.61230138404761	
56.6999728568463	6	375.665154824494	17.1597583884636	376.056865190973	2.61535777023142	
50.1718738733282	5.2466	376.239366340017	16.4716889599274	376.59975746292	2.50679773928486	
53.4359218650873	3.2393	377.900356244627	11.0087007522285	378.060670715784	1.66862440508513	
56.6999728568463	2	377.775774641611	5.75785293854101	377.819651125416	0.873203504859275	
9/23/2024
Time (s)	Frequency (Hz)	Z' (Ω)	-Z'' (Ω)	Z (Ω)	-Phase (°)	OCP value (V)
66.3362308325171	50000	18.7554855629092	0.944808741750148	18.7792678839987	2.88384068482571	-0.00513629913330079
69.8732858235869	30871	20.4057266083302	2.944280523632	20.6170431006911	8.21037100020011	
71.7623118188176	19060	21.3733257044437	3.69579172518612	21.6905031786767	9.81035287077444	
73.7213428138715	11768	21.7932530409305	5.08830730956832	22.3793822386283	13.1420378810305	
75.7303738087992	7265.5	22.0930904070492	7.93175282094218	23.4737586795676	19.7489038490311	
77.7494018037016	4485.8	22.5460488554762	11.7318144592221	25.4157390114694	27.4901704473971	
79.6834327988187	2769.6	23.1611335307622	18.3136790084895	29.5267496561302	38.3336819636258	
91.1606087698416	2236.32	22.8347851282974	22.7323406225298	32.2209050467896	44.8711872248066	
91.1606087698416	1739.36	23.7568405357733	29.2330364415763	37.6690574853777	50.9002405059564	
81.6724647937968	1710	24.1128514468109	29.1273118413242	37.8130916482336	50.3805685507721	
93.0096347651732	1380.69	24.3358930221014	36.7172437714067	44.0498771774913	56.4639037869876	
91.1606087698416	1242.4	25.530040041491	40.739531485966	48.0779821770439	57.9260661330016	
93.0096347651732	1073.87	26.4506760755662	47.4525754909519	54.3266526263033	60.8641421234506	
83.541491789078	1055.8	27.2735905470531	47.3782762767481	54.6676303152439	60.0728578710526	
94.9836637601893	852.471	30.6278378521371	59.0632563057822	66.5321929364974	62.5905548027348	
93.0096347651732	767.05	32.0786705749628	65.1351080811227	72.6059461104703	63.7800158098442	
91.1606087698416	745.44	34.0498488370027	66.7484605746467	74.9316301364644	62.9728778174555	
94.9836637601893	663.033	36.277693867809	75.0175477638743	83.3288878173208	64.1920797054649	
85.6005237838795	651.84	37.3370131140051	75.7932211404024	84.4906203025717	63.7743687994763	
97.0876967548771	526.32	45.1992660503127	92.2324860197695	102.712244298691	63.8924670977698	
94.9836637601893	473.595	50.707109402675	100.630212221897	112.683852240678	63.2566713968994	
93.0096347651732	460.23	53.1208598596345	102.837354217696	115.746910000754	62.6812862834887	
97.0876967548771	409.36	60.6239002814369	113.019332070373	128.252199618435	61.790761004745	
87.6045527788198	402.45	62.4584410660591	114.539793194921	130.462335888707	61.3964068841331	
99.1317277497164	324.954	80.9927773554902	133.533633591433	156.176378764162	58.7617365419709	
97.0876967548771	292.4	92.4426927620976	141.783275001775	169.257639459306	56.8956503129059	
94.9836637601893	284.157	95.5425611771847	144.361502089384	173.114483165908	56.5022721415398	
99.1317277497164	252.742	110.598395006652	154.382301778802	189.910242168685	54.3824546493086	
91.1606087698416	248.48	112.61975644383	156.048130351838	192.442792870431	54.1820593811878	
101.495762743748	200.628	142.016688293885	168.923750406462	220.689766879544	49.9457388258945	
99.1317277497164	180.53	161.661121756824	173.49325103471	237.137568601577	47.0219030149612	
97.0876967548771	175.44	166.261238056367	174.139128084419	240.763857773623	46.3257603000227	
101.495762743748	156.044	184.044403835935	176.304600017559	254.863992299179	43.7695542004315	
93.0096347651732	153.41	190.481748615276	176.985069832848	260.01348330283	42.8965304046474	
103.909798737653	123.876	224.348337338956	173.560443359324	283.646618111056	37.7262661769369	
101.495762743748	111.46	242.592957900011	170.241873870125	296.367405160365	35.0596171283086	
99.1317277497164	108.318	249.006744020167	169.430881201237	301.182971085938	34.2324235489765	
103.909798737653	96.348	264.62910851019	162.046978259179	310.302736426588	31.4814307909874	
94.9836637601893	94.719	269.989550865624	161.172281981121	314.43737382128	30.8354053885802	
106.413836731331	76.4802	296.029476131812	146.647178316521	330.361689133399	26.3529098652082	
103.909798737653	68.82	307.006830103896	137.832952792104	336.528032422015	24.1780434478437	
101.495762743748	66.876	310.070286615505	135.563045215525	338.409399795466	23.6149978832356	
106.413836731331	59.4846	322.591537581019	124.605793118166	345.820623730704	21.1197973934444	
97.0876967548771	58.48	323.409543647086	124.2284319337	346.448316813233	21.0128364087306	
109.357883723898	47.2194	339.297965594909	105.047125496006	355.187285853278	17.2025981145513	
106.413836731331	42.489	345.176699936645	96.7147242063723	358.469931873605	15.652289114847	
103.909798737653	41.292	346.384957872503	95.0529042742347	359.190191474242	15.3450353131738	
109.357883723898	36.7262	352.533209082511	86.3933789397485	362.964845998397	13.7697876081213	
99.1317277497164	36.106	354.916280899196	85.0343990692042	364.960841012262	13.4735204678515	
112.48192871601	29.1537	359.62366908859	70.1451216262099	366.400766179187	11.0370493968352	
109.357883723898	26.233	363.06570241411	63.1956108362733	368.524611794682	9.87403998883319	
106.413836731331	25.4934	363.075888548516	62.6366197744444	368.439203915738	9.78812758568122	
112.48192871601	22.6751	366.391500662886	56.6156066222193	370.7398800658	8.78399524999659	
101.495762743748	22.292	366.008621744369	55.7101514684625	370.224164754074	8.65455942474275	
115.745977707769	18	369.978361556816	45.504986277792	372.766269660237	7.01180126480394	
112.48192871601	16.1965	371.249024284672	42.0928470116488	373.627683398684	6.46866837762665	
109.357883723898	15.7398	371.197404128531	40.023544819418	373.348894429422	6.15401670452401	
115.745977707769	14	372.792610888666	37.033434735747	374.627556409716	5.67318288019913	
103.909798737653	13.764	373.23755780244	36.2739385249345	374.996097540282	5.55098704481402	
115.745977707769	10	375.277578584263	26.9632983006156	376.244973977482	4.10957946203442	
112.48192871601	9.7179	374.953657378103	26.1734407205534	375.866058829962	3.9930242801273	
106.413836731331	8.4978	376.075485114503	22.5964982964143	376.753728899089	3.43848343041871	
115.745977707769	6	375.660302853256	18.0105338245699	376.091800586567	2.74486815448662	
109.357883723898	5.2466	377.64296551323	15.53006118233	377.962157103001	2.35488530241525	
112.48192871601	3.2393	376.702853366717	12.0817944576266	376.896550119449	1.83698800483861	
115.745977707769	2	379.951064986548	8.26965633709273	380.041049099101	1.24684900938961	
9/23/2024
Time (s)	Frequency (Hz)	Z' (Ω)	-Z'' (Ω)	Z (Ω)	-Phase (°)	OCP value (V)
125.326242683582	50000	18.8159427329153	0.913030541602596	18.8380817945524	2.77805882695536	-0.00522174835205078
128.864295674649	30871	20.5388884641214	2.99337016570656	20.755871561815	8.29199759869294	
130.803322669753	19060	21.3976066860236	3.78384737607863	21.7295897995157	10.0282313609535	
132.827355664643	11768	21.7407083230167	5.10811923865952	22.332740103777	13.2221855030366	
134.841385659558	7265.5	22.1096142523463	7.72657424758819	23.4208238965039	19.2628211874279	
136.890415654385	4485.8	22.667265741211	11.638161644263	25.4804188081883	27.1775392965092	
138.924446649249	2769.6	23.0406457602406	18.1959944747061	29.3592501943157	38.2993703955768	
150.681624619565	2236.32	22.7374064813428	22.2901266737232	31.8408448479062	44.4308726110689	
150.681624619565	1739.36	23.7819944604125	29.2406155301645	37.6908060022334	50.8778323052778	
140.923475644202	1710	24.0108761242114	29.1851456786676	37.7927890018357	50.5555681678087	
152.535653614884	1380.69	24.8962565423262	36.6839573204374	44.3343694497733	55.8364864186545	
150.681624619565	1242.4	25.3168879941364	40.1888150654448	47.4982702218951	57.7911803547739	
152.535653614884	1073.87	26.7272110519131	47.3925639940014	54.4095481743694	60.5790150558975	
142.917505639168	1055.8	27.2638343642969	47.4417119950258	54.7177548996922	60.1148506122445	
154.444682610065	852.471	30.0262570250935	58.7970423269896	66.0202112791134	62.9476752129834	
152.535653614884	767.05	32.6142666950354	64.744325659694	72.4949522186435	63.2638046067235	
150.681624619565	745.44	33.1014950978809	66.9267158808147	74.6652146337659	63.6833162615477	
154.444682610065	663.033	37.0449162926115	74.9725503876089	83.6254096238049	63.7054211705125	
145.066538633742	651.84	37.2039871456348	75.6864444285322	84.3360808300092	63.8233836215839	
156.543714604765	526.32	45.5984608944283	91.7903978332137	102.492422989801	63.5833200022607	
154.444682610065	473.595	50.6687462933532	100.411782095098	112.471542331621	63.2240514615657	
152.535653614884	460.23	52.7111287512527	103.6995682446	116.327398098417	63.0554890553449	
156.543714604765	409.36	60.0296246188353	112.609274289501	127.610361992615	61.9388652496426	
147.085569628645	402.45	62.2941929090042	114.655777402967	130.485684126892	61.48410728478	
158.647747599453	324.954	81.0900777871604	133.317118525985	156.041836722077	58.6899605101589	
156.543714604765	292.4	92.5913028207218	141.65893704355	169.234759438914	56.8305129690025	
154.444682610065	284.157	96.0410036263375	144.00978838823	173.097352750344	56.3004368331113	
158.647747599453	252.742	110.414086634859	154.070988981132	189.549835592211	54.3729416915482	
150.681624619565	248.48	112.681504274883	154.810873964671	191.477226069723	53.9504165530607	
161.031780593434	200.628	141.900934853976	168.770248067438	220.497782177456	49.9430938537317	
158.647747599453	180.53	161.925916104115	173.270134430994	237.155100708148	46.9383517315266	
156.543714604765	175.44	166.669162490385	174.493576665247	241.301922956856	46.313822644502	
161.031780593434	156.044	184.32919326509	176.31766507865	255.078753542011	43.727421969809	
152.535653614884	153.41	189.162935678122	176.005366324416	258.380543403247	42.9364386267803	
163.370817587528	123.876	224.470007027448	173.829114929972	283.907282844664	37.7541273772553	
161.031780593434	111.46	242.620792979374	171.202826796303	296.943188318885	35.2083067470935	
158.647747599453	108.318	249.303950484271	168.688262028639	301.011942409777	34.083733699926	
163.370817587528	96.348	265.637034742711	162.395436480808	311.344362429597	31.4392530811884	
154.444682610065	94.719	269.183170686011	161.992647505421	314.167466849115	31.0392501019272	
165.889856581168	76.4802	295.284700850478	146.136570042385	329.467679234412	26.3308345871394	
163.370817587528	68.82	308.695673983419	138.350122951852	338.280616732425	24.140797677729	
161.031780593434	66.876	309.595313871841	134.714446359914	337.634773726673	23.5153401541696	
165.889856581168	59.4846	321.693244751078	123.512156679193	344.589315803642	21.0039877845534	
156.543714604765	58.48	326.002630150598	125.531641148944	349.336382008308	21.0598630214038	
168.873899573634	47.2194	338.522295202288	106.59052150674	354.906866127022	17.4776519653815	
165.889856581168	42.489	345.125169593739	96.7213717016604	358.42210650427	15.6555347916094	
163.370817587528	41.292	346.826046916642	95.6986385530362	359.786792754722	15.4256135172947	
168.873899573634	36.7262	351.808537154983	85.759635874526	362.110427853797	13.6996862438927	
158.647747599453	36.106	354.853164767132	84.1086234206325	364.68483527419	13.3343848751882	
172.047949565621	29.1537	361.010420296431	70.4038542177697	367.811400382482	11.0352520933035	
168.873899573634	26.233	362.335523395213	64.7602123250576	368.077324232924	10.1334737081471	
165.889856581168	25.4934	363.335213764001	62.7603920424999	368.715804340227	9.80023017813362	
172.047949565621	22.6751	365.772443493376	55.8133809997674	370.006234971439	8.67586588962982	
161.031780593434	22.292	365.914109868887	55.5374345960592	370.104772250577	8.63032732284372	
175.331998557329	18	369.791249369888	46.7162100039378	372.730428577645	7.20010848067702	
172.047949565621	16.1965	370.576786269693	41.1568772137095	372.855257524898	6.33739358104543	
168.873899573634	15.7398	370.97049861527	40.969186792166	373.225916984973	6.30208472574751	
175.331998557329	14	372.270379869661	36.1017124007802	374.016803588516	5.53905935145578	
163.370817587528	13.764	370.042662508258	36.3972202793967	371.828360564747	5.61751638842893	
175.331998557329	10	374.573811052959	27.3554174713862	375.571376427666	4.17694008673058	
172.047949565621	9.7179	375.655155840301	25.4425533498781	376.515762791363	3.8746388712912	
165.889856581168	8.4978	375.106681240511	24.1557710274612	375.883656980723	3.68459260277405	
175.331998557329	6	378.145311006243	18.7381585521277	378.609290459086	2.83684581932493	
168.873899573634	5.2466	376.454542674535	15.7197739137903	376.782608399318	2.39113530836318	
172.047949565621	3.2393	378.381285401299	9.49978783710229	378.500519300687	1.43818801569147	
175.331998557329	2	383.959128453099	5.97735125836472	384.005652367943	0.891890078120724	
