9/23/2024
Time (s)	Frequency (Hz)	Z' (Ω)	-Z'' (Ω)	Z (Ω)	-Phase (°)	OCP value (V)
5.7552469854694	50000	4.78338583112481	-0.781758608454648	4.8468470711689	-9.2819078577722	-0.0311336517333984
9.3283009764483	30871	5.96439160757175	0.539967124338378	5.98878382844451	5.17298834695554	
11.1923289717421	19060	6.67066638069091	0.315416327191943	6.67811930276326	2.70716191801482	
13.2113609666445	11768	6.75035336920636	0.0341833950610732	6.75043992000918	0.290139999801519	
15.2903919613955	7265.5	6.70391119683641	0.414170047495669	6.71669279953395	3.53526064711421	
17.4094219560454	4485.8	6.82189870900879	0.210478526238827	6.82514492197664	1.76720694923178	
19.4884549507964	2769.6	6.82808026963991	0.0782498776871749	6.82852862716441	0.656581543678742	
31.0456299216173	2236.32	6.09558570555039	-0.24306245654189	6.10042985792726	-2.28346863979385	
31.0456299216173	1739.36	6.04426077018448	0.261561315072138	6.0499175679949	2.4778902966012	
21.4324859458882	1710	6.76093424881985	-0.10459993939171	6.76174334503951	-0.886365218572742	
32.8696579170121	1380.69	6.19876255966846	-0.403556510745851	6.21188498996181	-3.72485650498947	
31.0456299216173	1242.4	6.08114410600382	-0.146061989884781	6.08289797242023	-1.37591325885177	
32.8696579170121	1073.87	5.71972500368223	0.985860816768298	5.80406544309993	9.77950156392852	
23.3265119411062	1055.8	6.59421324142634	-0.421266442889545	6.6076556878599	-3.65533124852899	
34.8436859120281	852.471	6.53754977323337	-0.14948433981727	6.53925856694429	-1.30986835868477	
32.8696579170121	767.05	6.4289215344324	0.0173356755283069	6.42894490733392	0.154498484710927	
31.0456299216173	745.44	6.08642300453956	-0.0418908749613908	6.08656716348332	-0.394342035546469	
34.8436859120281	663.033	6.96656783276708	0.519266720429322	6.98589330690718	4.26277002794883	
25.390543935895	651.84	6.38571167827161	-0.378023781703596	6.39689109001771	-3.3878634460397	
36.9377179067412	526.32	5.94896115993336	0.245653213468296	5.95403093573446	2.36459782087249	
34.8436859120281	473.595	6.5687353980118	-0.0171263420450984	6.56875772431021	-0.149384140898044	
32.8696579170121	460.23	5.7337066225064	-1.22000581628961	5.86206497957454	-12.0121307324054	
36.9377179067412	409.36	6.75910083841958	0.23505141921932	6.76318662418843	1.99168937459376	
27.429573930747	402.45	6.18492441356685	-0.0522014716411557	6.18514470284865	-0.483571470309201	
38.9717489016058	324.954	6.13748652667234	0.247065745391107	6.14245735415641	2.3052083979786	
36.9377179067412	292.4	5.62443703599801	-0.559029724178665	5.65215058224933	-5.67615741915648	
34.8436859120281	284.157	5.88933405318379	-0.091073282122804	5.89003819450323	-0.885957351679151	
38.9717489016058	252.742	6.5433564616928	-0.290586115521923	6.54980565172059	-2.54279677528678	
31.0456299216173	248.48	6.23618983752818	-0.695606250659869	6.27486507788389	-6.36466079030775	
41.4257858954099	200.628	3.70744055637834	-0.0649386727437023	3.70800923816225	-1.00347702987033	
38.9717489016058	180.53	5.75613491510602	-0.0212681436143146	5.75617420643568	-0.211699228710839	
36.9377179067412	175.44	5.72057757409174	-0.894713757140465	5.7901226660942	-8.88919930203661	
41.4257858954099	156.044	3.6484412544089	-0.338011477194703	3.66406541229658	-5.29308388139547	
32.8696579170121	153.41	5.60126962991715	0.234766535046663	5.6061873669197	2.40003860582453	
43.7748228894792	123.876	3.87731090264914	0.337664170220141	3.89198624453535	4.97717206306191	
41.4257858954099	111.46	4.03500387885818	0.0370810675453579	4.03517425992618	0.526524614970902	
38.9717489016058	108.318	5.93065006807051	-0.45395469062993	5.94799841047807	-4.37710349293596	
43.7748228894792	96.348	4.96095048740702	0.922444242765189	5.04598187863517	10.5333421508097	
34.8436859120281	94.719	5.74621140972163	0.245092925020111	5.75143600391328	2.44235420106886	
46.2688598831824	76.4802	4.14102931408412	-0.292026392438524	4.1513134299863	-4.03383423109243	
43.7748228894792	68.82	4.23491402751766	-0.11728261897686	4.23653774126702	-1.58635614884001	
41.4257858954099	66.876	3.91270423898012	-0.00457569619327267	3.91270691449393	-0.0670042877462694	
46.2688598831824	59.4846	3.55156091452023	-0.706716468026488	3.62119222021251	-11.2541446143576	
36.9377179067412	58.48	4.6752438324914	0.120563911728374	4.67679810875562	1.47720053032755	
49.327904875459	47.2194	3.28500990784991	0.427004047707976	3.31264585360873	7.40610187434977	
46.2688598831824	42.489	4.09410681332451	0.625045674469977	4.14154472317803	8.68029806528462	
43.7748228894792	41.292	4.04175980933193	-1.54790192978244	4.32802758084501	-20.9557015370344	
49.327904875459	36.7262	3.63028105826743	0.951987255219149	3.75302815018952	14.6941057911257	
38.9717489016058	36.106	5.6215071011529	0.900731704908111	5.69321172033319	9.103101922517	
52.4669538675337	29.1537	4.82308095904749	0.626837699982774	4.86364425504643	7.40500999069414	
49.327904875459	26.233	3.68794340570699	-0.747376536251793	3.76291087466039	-11.4560727871105	
46.2688598831824	25.4934	3.66175093201598	-0.392328273495075	3.68270842754399	-6.1154697884939	
52.4669538675337	22.6751	4.20020154803154	0.16988914474123	4.20363596968	2.3162288145084	
41.4257858954099	22.292	3.11739475672176	0.247434903611703	3.12719908236774	4.53818567126522	
55.7460058592549	18	3.3362059957043	0.471748771994024	3.36939421107878	8.04842298953981	
52.4669538675337	16.1965	3.10160766187466	0.0938779037111511	3.1030280612661	1.73367060365264	
49.327904875459	15.7398	3.38911051404417	0.367558215880216	3.40898359023123	6.18969045297076	
55.7460058592549	14	4.03696116364945	0.462941263880957	4.06341851777756	6.54185606268815	
43.7748228894792	13.764	2.97640360602906	0.724057582604089	3.06320711165753	13.6725342109943	
55.7460058592549	10	3.51820568220152	1.35579486688144	3.77040461268246	21.0749384093298	
52.4669538675337	9.7179	3.0115653982942	-0.465172659013535	3.04727940151484	-8.78063314932564	
46.2688598831824	8.4978	7.71210551284971	2.39046759060793	8.07408860138863	17.2215036477991	
55.7460058592549	6	2.77720142111866	-0.495713242118345	2.82109541701002	-10.1203613970353	
49.327904875459	5.2466	2.23670989396272	2.09472517138201	3.06443219754853	43.122512909833	
52.4669538675337	3.2393	1.77500051668387	4.39112786678402	4.73630982693016	67.9902452393816	
55.7460058592549	2	0.922102329643123	6.42894719463507	6.49473900458975	81.8377480574293	
9/23/2024
Time (s)	Frequency (Hz)	Z' (Ω)	-Z'' (Ω)	Z (Ω)	-Phase (°)	OCP value (V)
66.0212738333123	50000	4.73561260448452	-0.847084161520005	4.81077730896481	-10.1415437156827	-0.030419921875
69.7193278239756	30871	5.93800248907393	0.588181750491034	5.9670622027811	5.65691200039462	
71.6133558191937	19060	6.57181297440258	0.349890042071081	6.58112063497293	3.04760846624551	
73.6523858140456	11768	6.57290479325042	0.040290451699029	6.57302827786648	0.351206049273053	
75.6964178088849	7265.5	6.53469043508594	0.3139901299648	6.54222965693799	2.75093110820979	
77.7454488037116	4485.8	6.79241716562372	0.278202678256478	6.79811206748232	2.34539996957597	
79.7594797986267	2769.6	6.82282610354701	-0.00142809821899067	6.82282625300594	-0.0119926842984953	
91.4116567692078	2236.32	6.28029104362866	0.289498465490964	6.28695991351973	2.63925774092392	
91.4116567692078	1739.36	6.05368743226965	0.501784332166623	6.07444804435986	4.73836011844959	
81.7135077936932	1710	6.63260535884682	-0.34210120180444	6.64142206748522	-2.95262566944098	
93.2756827645015	1380.69	6.04624211919677	0.0459752055387039	6.04641691280657	0.435664735239755	
91.4116567692078	1242.4	5.99027394545407	-0.240459496542312	5.99509822363765	-2.29871313594204	
93.2756827645015	1073.87	6.53692756143395	-0.443985339644268	6.55198786058505	-3.88553755679561	
83.6525377887976	1055.8	6.43742279804835	-0.317661816118398	6.44525572109069	-2.82503268289462	
95.2497137595176	852.471	6.52290377392837	-0.142727108522132	6.52446508699649	-1.25348410975564	
93.2756827645015	767.05	6.30217994226208	0.533526935201636	6.32472315720113	4.8389805514261	
91.4116567692078	745.44	6.00225569791782	-0.215573515829667	6.00612565668702	-2.05691769495946	
95.2497137595176	663.033	6.5081892604151	0.243207147841411	6.51273192801174	2.14011324759036	
85.7165687835865	651.84	6.37270728146475	-0.353136638443948	6.38248412302337	-3.17173943112745	
97.4087457540666	526.32	6.32883368770152	-0.241788652084037	6.33345068654223	-2.18788102980646	
95.2497137595176	473.595	5.93375753060827	0.105878305066223	5.9347020689782	1.0222420273394	
93.2756827645015	460.23	5.61355411776847	-0.28265309639943	5.6206656728558	-2.88251678155115	
97.4087457540666	409.36	5.77325879330723	-0.455657171098661	5.79121235598151	-4.51274161342591	
87.7756007783879	402.45	6.02538017768904	-0.456646157748362	6.04265934825672	-4.33399658073666	
99.5327787487039	324.954	6.05369334042147	-0.403624254586976	6.06713405149038	-3.81449601609642	
97.4087457540666	292.4	6.09179947585347	-0.166093078624416	6.09406332136248	-1.56178406504034	
95.2497137595176	284.157	6.74335406393734	-0.742437392467955	6.78410180593974	-6.2829100614189	
99.5327787487039	252.742	5.76089623783423	-0.277452278385407	5.76757359986622	-2.7573089358218	
91.4116567692078	248.48	6.67665104393275	0.0445463590812554	6.67679964807659	0.38226956598996	
101.911814742697	200.628	3.77116865744912	0.24010531161109	3.7788045204258	3.64302909195479	
99.5327787487039	180.53	5.76736045778332	-0.284470537287794	5.77437183913432	-2.82378095939906	
97.4087457540666	175.44	6.8225966250542	-0.194931397725928	6.82538079216247	-1.6365775919174	
101.911814742697	156.044	4.46809528895785	0.676362344256568	4.51899784597598	8.60785354742408	
93.2756827645015	153.41	6.68792007672081	-0.358138901023649	6.69750240201762	-3.06526791751676	
104.240848736817	123.876	3.06257899963933	0.0825124618645698	3.06369032955271	1.54329812473182	
101.911814742697	111.46	4.00618118855636	0.227860407902107	4.01265598837381	3.25531675934874	
99.5327787487039	108.318	5.53049142012792	-0.311165369647024	5.53923814575399	-3.22027179106214	
104.240848736817	96.348	3.781514150244	0.864729125722807	3.87912435085148	12.8805168465664	
95.2497137595176	94.719	5.81979259456388	-0.528735105211848	5.84376134482099	-5.19113882441829	
106.724887730546	76.4802	3.39011116447663	0.83536591983198	3.49151685196074	13.8426256818288	
104.240848736817	68.82	3.64912427121769	0.8332987397728	3.74305954220568	12.8632605291153	
101.911814742697	66.876	3.80310248637373	0.0540969919356163	3.80348721654201	0.814945248357577	
106.724887730546	59.4846	4.40245987558006	0.661244681581859	4.45184203280088	8.54191129334381	
97.4087457540666	58.48	5.80062620697742	-0.384227907419883	5.81333772267821	-3.78968131397673	
109.783931722822	47.2194	3.10665012045522	0.818567773872578	3.21268239503178	14.7612974333863	
106.724887730546	42.489	4.14802639404089	0.0812924546900954	4.14882289678041	1.12273113744461	
104.240848736817	41.292	4.0974217126587	0.407399821110349	4.11762544503597	5.67816164409289	
109.783931722822	36.7262	3.57505638512394	0.337062995365511	3.59091069502713	5.38603185470299	
99.5327787487039	36.106	5.77822010151578	0.485140424560939	5.79855057519586	4.799308053784	
112.872980715023	29.1537	4.22626146596042	0.0866306680008248	4.22714925822358	1.17429474674582	
109.783931722822	26.233	2.38919558673568	1.61430924057851	2.88344409966526	34.0457381055648	
106.724887730546	25.4934	3.73392407643838	-0.184066919407887	3.73845819014023	-2.82215896722541	
112.872980715023	22.6751	3.55188656972531	0.236148378524218	3.5597281161452	3.80373130360235	
101.911814742697	22.292	3.8697864052399	0.31739320226522	3.88278061021013	4.68880588421167	
116.177030706681	18	3.32107740569218	0.540783541005592	3.36481826742866	9.24851665404073	
112.872980715023	16.1965	1.590401505835	0.68992622899126	1.733601785651	23.4515048385418	
109.783931722822	15.7398	4.06081969457494	0.816893290117293	4.14216987088728	11.3740799708682	
116.177030706681	14	4.90629446142137	0.655668514648359	4.94991177126171	7.61180691414654	
104.240848736817	13.764	4.01933826578418	1.04925723112577	4.15403669120372	14.6306728004052	
116.177030706681	10	4.3757421291548	0.516620656736061	4.40613391578452	6.73343773946336	
112.872980715023	9.7179	4.51157185408574	0.640227927314588	4.55677214632158	8.07679841341305	
106.724887730546	8.4978	2.85782215292897	-0.0992458566000533	2.85954492844995	-1.98895666297213	
116.177030706681	6	3.92532443885872	2.30971850039291	4.5544452462796	30.4731799500724	
109.783931722822	5.2466	2.61548368196179	-0.372434517488092	2.64186721097504	-8.10420978938272	
112.872980715023	3.2393	5.97710401067855	3.47623612233274	6.91447683723653	30.1819419346078	
116.177030706681	2	5.17170975166546	6.14570587541844	8.03220283998259	49.9188525430732	
9/23/2024
Time (s)	Frequency (Hz)	Z' (Ω)	-Z'' (Ω)	Z (Ω)	-Phase (°)	OCP value (V)
125.665286682726	50000	4.64920540917061	-0.82811749500043	4.72238176370643	-10.0996163080684	-0.029136848449707
129.218342673755	30871	5.87840362063973	0.436050773346829	5.8945542158917	4.24234149095914	
131.202370668746	19060	6.38156542134749	0.384050678873856	6.39311130443397	3.44397870747233	
133.196400663711	11768	6.66181278775504	0.126343197288083	6.66301074759733	1.08650070000403	
135.320431658349	7265.5	6.66702894539544	0.314048346327099	6.67442142230856	2.69690655803724	
137.429465653024	4485.8	6.77551884846815	0.177415711318067	6.77784124928945	1.49993667332001	
139.508494647775	2769.6	6.81659703146142	0.0162965080128803	6.8166165115475	0.136977343202609	
151.189674618283	2236.32	5.78013029580885	0.462879061683835	5.79863460327279	4.57853708234549	
151.189674618283	1739.36	5.79552450439682	-0.101657537414213	5.79641600784287	-1.00490483603715	
141.457524642854	1710	6.56837028298733	-0.256022369890889	6.57335801765853	-2.23214870175255	
153.108702613438	1380.69	5.99875944607013	0.483722456784594	6.01823082865832	4.61018939489335	
151.189674618283	1242.4	5.85698514834413	0.531838116445728	5.88108211216509	5.18846118057254	
153.108702613438	1073.87	5.42430644880941	0.19809222783499	5.42792234481334	2.09147604799522	
143.396553637959	1055.8	6.47207263115496	-0.372774598172847	6.48279916733413	-3.29644624449017	
155.137733608315	852.471	6.09093111081742	0.603811905839474	6.1207867643267	5.66140189472887	
153.108702613438	767.05	6.34861415368687	-0.23061869809064	6.35280148094542	-2.08040216895776	
151.189674618283	745.44	5.77176679288	-0.342135647350742	5.78189836581208	-3.39237831964156	
155.137733608315	663.033	6.31675342486258	-0.0587681783122715	6.31702679504332	-0.533038289786189	
145.505585632634	651.84	5.98716852271266	-0.373521396195208	5.99880864445408	-3.56988427495668	
157.281764602902	526.32	5.97883111543929	-0.49363133012196	5.99917439294967	-4.71981688694677	
155.137733608315	473.595	6.225572626041	-0.891959971635022	6.28914518143048	-8.15348292223252	
153.108702613438	460.23	5.63785099775973	0.00743490719053819	5.63785590014371	0.0755586758702014	
157.281764602902	409.36	5.9473203868767	-0.467784396185489	5.96568873018646	-4.49732036005342	
147.559617627448	402.45	6.08834423636311	-0.256577667418457	6.0937482422458	-2.41315591583048	
159.350795597678	324.954	5.94290076488621	-0.0614453204138936	5.94321840661151	-0.592376051327529	
157.281764602902	292.4	5.31935927589946	-0.58122125132043	5.35101871133751	-6.23570178370179	
155.137733608315	284.157	5.82980916608342	-0.514665543843464	5.85248285217223	-5.04509015912352	
159.350795597678	252.742	5.39539558501695	-0.380982456596401	5.4088299243972	-4.03909489807412	
151.189674618283	248.48	5.47644329340709	-0.421091686791608	5.49260861108713	-4.39690414042689	
161.739835591646	200.628	3.30357317794085	0.360660073167563	3.32320198459069	6.23046137718864	
159.350795597678	180.53	5.55029650861415	-0.161771192582028	5.55265353252693	-1.66949337702628	
157.281764602902	175.44	6.28665903649178	-1.13826889883767	6.38887610829674	-10.2628469439264	
161.739835591646	156.044	3.64233276993998	-0.595577488410708	3.69070461452556	-9.28655833162971	
153.108702613438	153.41	6.57181957456023	0.812304550616992	6.62183140857015	7.04626020612805	
164.138868585589	123.876	3.79116742285557	0.0483411287082024	3.79147560889506	0.730538182287189	
161.739835591646	111.46	3.17860033567658	-0.0401524372461882	3.178853930614	-0.723728242898838	
159.350795597678	108.318	5.5752252336334	0.15303285891596	5.57732511708351	1.57230165649611	
164.138868585589	96.348	3.50545959803633	0.389823001650421	3.52706804103363	6.34547916124479	
155.137733608315	94.719	5.19575616849813	-0.113952936811376	5.19700562192252	-1.25640534167898	
166.73290757904	76.4802	3.33263108400804	-0.281119060821336	3.34446675397644	-4.82168429978585	
164.138868585589	68.82	4.17437265138352	-0.188665190604685	4.17863393787546	-2.58778235520692	
161.739835591646	66.876	1.71967016371315	0.853317817154737	1.91974393319498	26.3910747730986	
166.73290757904	59.4846	2.9529386435139	0.883854415056218	3.08237656028138	16.6631518472259	
157.281764602902	58.48	5.61351381418414	-0.73989156983626	5.66206471855903	-7.50861260223139	
169.756953571405	47.2194	3.58611074628561	0.563501588345401	3.63011354157042	8.9301207718474	
166.73290757904	42.489	3.83616830121467	-0.469951799510648	3.86484694769502	-6.98424915913803	
164.138868585589	41.292	3.96168633613861	-0.0101331227684052	3.96169929526768	-0.146549689337429	
169.756953571405	36.7262	3.4272196804248	0.328430985452451	3.44292051173076	5.47394762445986	
159.350795597678	36.106	5.86512878887395	-0.297820218974953	5.87268529660055	-2.90687535753375	
172.976003563278	29.1537	4.56981824831576	0.202567945914049	4.57430569544183	2.5381087163286	
169.756953571405	26.233	3.21195723550908	0.541200764649885	3.25723311268886	9.56425165285496	
166.73290757904	25.4934	3.65686795636093	-0.286091976547305	3.66804196667705	-4.47337522062416	
172.976003563278	22.6751	3.00200911647004	0.561215972639097	3.05401737115467	10.5890321884193	
161.739835591646	22.292	4.392846704203	0.416618092823207	4.41255853240439	5.41773364283405	
176.285053554923	18	4.04313081922835	0.533058199748381	4.07811940307209	7.51072462522993	
172.976003563278	16.1965	3.79615205612408	1.18034475174653	3.97542251417263	17.2721357233409	
169.756953571405	15.7398	3.43544243854786	-0.104082349439666	3.4370187494456	-1.73533856472936	
176.285053554923	14	4.94024872568365	0.0424267930682869	4.94043090270363	0.492043327535106	
164.138868585589	13.764	4.80176458468241	0.761592213195752	4.861786279333	9.01242455279643	
176.285053554923	10	4.1973435147883	0.529031756835888	4.23055164025642	7.18366062025428	
172.976003563278	9.7179	2.87640159535065	-0.0729301826142021	2.87732600677642	-1.4524037951246	
166.73290757904	8.4978	4.66203925528517	3.45192976006017	5.80089898948507	36.5174847347817	
176.285053554923	6	4.1553732624409	1.70596242889276	4.49192995927168	22.3202941303959	
169.756953571405	5.2466	5.12770891295326	1.79455719722435	5.43266364043367	19.2886434171379	
172.976003563278	3.2393	3.14851873825011	3.22201783857691	4.50494941117211	45.6610120450413	
176.285053554923	2	2.73700268494391	1.60086706695259	3.17079785912687	30.3232746958687	
