9/23/2024
Time (s)	Frequency (Hz)	Z' (Ω)	-Z'' (Ω)	Z (Ω)	-Phase (°)	OCP value (V)
6.59722098334362	50000	18.548131799577	0.486840548706627	18.5545198529723	1.50352100487774	-0.00437049865722656
10.1202729744488	30871	20.2387771316278	2.39403135379031	20.3798794379808	6.74613105184831	
12.0542999695658	19060	21.1650325876691	2.87246626866234	21.3590652160084	7.72882037788406	
14.1733309642158	11768	21.5115163364845	3.98717379387164	21.8779087199252	10.5006435036432	
16.2223629590425	7265.5	21.8091506744697	5.91735343018111	22.5976575060204	15.1802749263796	
18.2613929538944	4485.8	22.2599218273873	8.46413647964662	23.8148215636288	20.8188594778304	
20.295424948759	2769.6	22.3101270529095	13.0531906046055	25.8481634565616	30.3310135183555	
31.9876029192391	2236.32	21.4451533533997	16.2844541263549	26.9272733217492	37.2113500427793	
31.9876029192391	1739.36	22.0656779772439	20.6533446835682	30.2234146186975	43.1064343619087	
22.2894539437245	1710	22.6487956845894	20.6977725115086	30.6816839971413	42.4228641020944	
33.8966319144192	1380.69	21.8577010385074	26.0515241041442	34.0064847174414	50.0027403855722	
31.9876029192391	1242.4	22.2979886552035	29.6328457358695	37.0851162122141	53.0394374829332	
33.8966319144192	1073.87	23.2404012407218	33.3178634204168	40.6226079016512	55.1028482360174	
24.1834839389426	1055.8	23.422002536219	33.9475949881522	41.2435377760719	55.3964260754765	
35.8856599093974	852.471	24.0025978138638	42.3453949891447	48.6750159589165	60.454178017865	
33.8966319144192	767.05	25.1876174245509	47.5839486977711	53.8390958802026	62.1063827679536	
31.9876029192391	745.44	25.3495962699776	49.4126807552381	55.5357096872809	62.8413584593436	
35.8856599093974	663.033	27.2578491632257	54.9162122368488	61.3088958263626	63.6023399208056	
26.2975149336052	651.84	27.1788040692961	55.7871766049114	62.0555917237501	64.0252441590526	
38.0696949038833	526.32	30.4131540664279	69.6809264109846	76.0288856012065	66.4205060568627	
35.8856599093974	473.595	33.395707316246	76.513701138589	83.4842483890086	66.4203179085934	
33.8966319144192	460.23	34.4142913186452	78.6395491594691	85.840096335973	66.364819933386	
38.0696949038833	409.36	37.1801075725806	88.1909876773864	95.7079448458778	67.1403809067828	
28.3015479285455	402.45	38.4621256646258	89.459754053974	97.377526699126	66.7353051961832	
40.1787268985585	324.954	47.8672718842794	108.508020131526	118.59707479743	66.1957862680486	
38.0696949038833	292.4	54.7409551278526	118.860166644474	130.859892186497	65.2716036897103	
35.8856599093974	284.157	55.5695918687297	121.953448313965	134.017249248461	65.5030330770895	
40.1787268985585	252.742	64.6635416111702	134.19576306463	148.962667934613	64.2724527857693	
31.9876029192391	248.48	66.3818161216687	135.79809043629	151.154447098833	63.9493520613338	
42.5417618925924	200.628	85.098685767407	159.941859956862	181.171700013552	61.9843377175323	
40.1787268985585	180.53	101.217249178187	171.037687370483	198.743105621911	59.38366150195	
38.0696949038833	175.44	104.400812329478	174.628562534184	203.456787716237	59.1271184771045	
42.5417618925924	156.044	119.797164973538	185.976444687377	221.220701369139	57.2122948905489	
33.8966319144192	153.41	124.394049631344	188.403658718302	225.764962299573	56.5650992064996	
44.85579788675	123.876	159.662747188161	206.996207791629	261.418482284221	52.3558573330411	
42.5417618925924	111.46	180.41751827888	213.081947323143	279.203146789094	49.7452488803377	
40.1787268985585	108.318	189.320046130129	214.500299280375	286.098686222228	48.568063757838	
44.85579788675	96.348	211.629236801298	219.757729084187	305.090795274683	46.0794790563604	
35.8856599093974	94.719	217.242665109501	219.458205902304	308.79812124062	45.2906796301492	
47.4248368802638	76.4802	262.259731673402	219.699939351654	342.123121417605	39.9535454278656	
44.85579788675	68.82	285.005304946431	217.834424899208	358.7197520611	37.3912975870453	
42.5417618925924	66.876	290.682027110383	214.360038261092	361.173458172521	36.4064819921872	
47.4248368802638	59.4846	315.743249686211	206.933420552586	377.511907446642	33.240236305836	
38.0696949038833	58.48	319.321560167142	204.860094463213	379.386237350611	32.6821183985626	
50.4738808725657	47.2194	354.804141708781	189.651399161599	402.310367971865	28.1255820748218	
47.4248368802638	42.489	371.419853209061	178.550507665401	412.107984811521	25.6747194475272	
44.85579788675	41.292	375.379543893211	176.703478902458	414.890252271256	25.2079063831558	
50.4738808725657	36.7262	390.89026275278	163.178191334588	423.582718771865	22.6582279095394	
40.1787268985585	36.106	394.360454384554	160.051701172908	425.60159190343	22.0898376021712	
53.5579288647792	29.1537	413.694443341211	138.272297647195	436.190693101112	18.4815732099415	
50.4738808725657	26.233	422.275719114321	126.962596652143	440.949298561832	16.7340774877501	
47.4248368802638	25.4934	424.104736990629	124.186945013832	441.913142200771	16.3211603335896	
53.5579288647792	22.6751	433.249511617427	114.181407566575	448.043003684494	14.7643860971728	
42.5417618925924	22.292	432.616252386064	111.444651720362	446.740117099008	14.4456742561113	
56.9169798562984	18	443.830941431977	92.8706050393432	453.443330365293	11.8184900151317	
53.5579288647792	16.1965	447.750596504486	84.203311521386	455.599379215216	10.65056579477	
50.4738808725657	15.7398	447.73942231488	82.3683714668671	455.252829659483	10.4238674253796	
56.9169798562984	14	451.641602527889	73.8297720722953	457.636288310058	9.28401502784051	
44.85579788675	13.764	451.792109607908	73.8068801113035	457.781133136489	9.27814839234248	
56.9169798562984	10	457.366185066629	53.8638805083296	460.527029462786	6.71676786141857	
53.5579288647792	9.7179	459.215966911306	52.2011348608699	462.17341198629	6.48522957803651	
47.4248368802638	8.4978	458.911766023775	46.7549903524571	461.287370429668	5.8173536734676	
56.9169798562984	6	462.443954920819	33.0502996387107	463.623482741132	4.08790816557719	
50.4738808725657	5.2466	463.09603149147	29.4428599642767	464.031051101135	3.63787205265888	
53.5579288647792	3.2393	465.161068915429	19.3943747495719	465.565206825501	2.38750114557672	
56.9169798562984	2	465.005624759725	12.9617379429605	465.186239810126	1.59667020596821	
9/23/2024
Time (s)	Frequency (Hz)	Z' (Ω)	-Z'' (Ω)	Z (Ω)	-Phase (°)	OCP value (V)
66.3292418325348	50000	18.6626805380927	0.515504438305916	18.6697988658908	1.58223359708472	-0.00492839813232422
69.8472948236525	30871	20.317688968713	2.31797571645861	20.4494864593577	6.50853923681092	
71.7413248188706	19060	21.3489035028604	3.03638897167253	21.5637505727028	8.09471278483293	
73.7703538137478	11768	21.6389178887857	3.98579343184624	22.0029388191432	10.4366481199994	
75.8043858086123	7265.5	21.9166444273373	6.01737598886429	22.7276949281201	15.3526701764957	
77.9034168033128	4485.8	22.4165157973452	8.64489647112517	24.0257032256935	21.0890600689784	
79.9574457981269	2769.6	22.6776716537551	13.1526982142195	26.215839905482	30.1130689120165	
91.4046227692255	2236.32	22.2173523733375	16.3352775312934	27.5762948654351	36.3251336589523	
91.4046227692255	1739.36	22.2552679765585	21.0050369354348	30.6024268542123	43.3446018448424	
81.8764777932818	1710	22.7775335053132	20.8327181638254	30.8677530552362	42.4465652856521	
93.2136487646582	1380.69	22.5860222867903	26.492568505155	34.8135690319122	49.5510208148994	
91.4046227692255	1242.4	22.0793199622309	29.2240084081853	36.6270260523053	52.9282271425122	
93.2136487646582	1073.87	23.5950423600781	33.9149780006517	41.3152726816436	55.1732178405468	
83.7505037885503	1055.8	23.6790798972957	34.0237168930061	41.4525287045066	55.1637021539144	
95.117675759851	852.471	24.1461101835922	42.4444266844516	48.8319976405836	60.3649867868653	
93.2136487646582	767.05	26.0794444358515	47.0305240193372	53.7773894087108	60.9906822556086	
91.4046227692255	745.44	25.6543229103374	49.0292379302325	55.3354358075114	62.3793937190899	
95.117675759851	663.033	28.021478595963	55.1306773925276	61.8433088738221	63.0569624693848	
85.7795337834275	651.84	27.262249538329	55.7490550715517	62.0579357637766	63.9405692257963	
97.2617107544378	526.32	31.2532976071282	69.2503165168808	75.9761472371947	65.7099105608767	
95.117675759851	473.595	33.3005556283555	76.8398189232369	83.7453567507658	66.5692351020008	
93.2136487646582	460.23	34.6058826167767	78.5930471046706	85.8745257039776	66.2352734607625	
97.2617107544378	409.36	37.8334385228784	87.5244458383856	95.3514430398456	66.6230356402533	
87.8635677781658	402.45	38.3328019162044	89.3278319170778	97.2052738165613	66.7746213447986	
99.4307427489615	324.954	47.8055836287135	108.972106246589	118.997032592833	66.3131500184152	
97.2617107544378	292.4	54.0897232188696	118.719190447103	130.460508730839	65.5054865876893	
95.117675759851	284.157	55.7637305733754	122.010204826016	134.149482776291	65.4376309891706	
99.4307427489615	252.742	64.293851399011	134.325048686076	148.919166101059	64.4221815805642	
91.4046227692255	248.48	66.446299703817	136.555017400745	151.863041987336	64.0529109568666	
101.814777742942	200.628	84.2288278915792	159.865937610911	180.697574572004	62.2165258942558	
99.4307427489615	180.53	99.8446966014172	171.834158030566	198.735858127069	59.8411560386915	
97.2617107544378	175.44	104.70100945769	173.663241695702	202.783684989003	58.9143601930509	
101.814777742942	156.044	119.051205226861	186.326824679342	221.112810712212	57.4239629129132	
93.2136487646582	153.41	124.511343743192	189.367215297834	226.634103679017	56.6745733255079	
104.238815736822	123.876	160.034403926389	206.902548254601	261.571548365494	52.2788658238327	
101.814777742942	111.46	180.679526201818	213.986902979398	280.063360394086	49.8239742982433	
99.4307427489615	108.318	188.912449689771	214.647184274067	285.939377079436	48.6487738839359	
104.238815736822	96.348	211.003195396872	220.450185291839	305.156734585519	46.254332911978	
95.117675759851	94.719	217.114885692246	220.083428315833	309.153018759978	45.3890279181035	
106.797854730361	76.4802	261.661804571952	221.417432566659	342.771905815313	40.2377989802526	
104.238815736822	68.82	283.495721841453	216.567623145713	356.751117303633	37.3768784422979	
101.814777742942	66.876	291.011878782219	217.19441824778	363.127152537989	36.7355295318026	
106.797854730361	59.4846	314.072389378653	208.028267680355	376.719027823265	33.5188069176882	
97.2617107544378	58.48	320.851451911561	208.017486694543	382.383222650356	32.9565345887516	
109.876901722587	47.2194	356.338277774425	190.542897162036	404.083609994449	28.1345186923169	
106.797854730361	42.489	371.976988557214	180.1665066819	413.312049359867	25.8431590164346	
104.238815736822	41.292	376.371774169813	176.803786871495	415.830844747998	25.1621834498571	
109.876901722587	36.7262	390.778749238863	163.991692713858	423.793943014581	22.7655304420899	
99.4307427489615	36.106	395.414106806719	162.346844276402	427.444515356393	22.3217899248875	
113.030947714624	29.1537	415.370987085103	139.141454032852	438.056390368214	18.5198788073075	
109.876901722587	26.233	423.68228153218	128.900568390076	442.8566723169	16.9217931829213	
106.797854730361	25.4934	425.201259050086	125.460704296035	443.324372238021	16.4393234456553	
113.030947714624	22.6751	433.378654673108	114.81728454916	448.330310326567	14.8387608210707	
101.814777742942	22.292	434.094812791945	112.537852117933	448.445174633635	14.533806088666	
116.33999870627	18	445.151869834887	93.4149622262313	454.847823326907	11.8515280724564	
113.030947714624	16.1965	448.53372555789	84.7116809333335	456.46311115948	10.6951100710331	
109.876901722587	15.7398	449.135342344922	82.2515764281917	456.604727930201	10.3777615244399	
116.33999870627	14	452.764682177705	74.4389919125141	458.843133264986	9.33646730982933	
104.238815736822	13.764	453.602484261221	72.885516005247	459.420844293445	9.12834386304582	
116.33999870627	10	459.940859753611	53.4963806701281	463.041528608066	6.63434416984711	
113.030947714624	9.7179	459.189575395332	52.4157982828161	462.171485556357	6.51204082784286	
106.797854730361	8.4978	461.419292318782	45.880611866969	463.694720553569	5.67846407249499	
116.33999870627	6	465.174879801836	34.1897707447576	466.42964016262	4.20360947732638	
109.876901722587	5.2466	464.971176946263	29.0279782752571	465.876398751366	3.57231810956745	
113.030947714624	3.2393	467.070987522429	19.5732917869765	467.480931307957	2.39965924400808	
116.33999870627	2	467.121141842576	11.7193625481199	467.268129252195	1.43716291991509	
9/23/2024
Time (s)	Frequency (Hz)	Z' (Ω)	-Z'' (Ω)	Z (Ω)	-Phase (°)	OCP value (V)
125.847259682266	50000	18.7970673593472	0.488559588225731	18.8034154286683	1.48885467504528	-0.005084228515625
129.460312673144	30871	20.3983664678033	2.46956955145141	20.5473143822802	6.90303397459612	
131.399340668249	19060	21.1940491970708	3.04541262257267	21.4117318171506	8.17696684297934	
133.448373663075	11768	21.816829312002	3.98232881898739	22.177307863029	10.3445822899547	
135.507403657877	7265.5	22.0023457142248	5.86650281677238	22.7710138603327	14.9294980425961	
137.596435652602	4485.8	22.4510383555321	8.63140993255642	24.0530738298748	21.0294964952335	
139.560464647644	2769.6	22.6982831649058	13.0321296666512	26.1734304645504	29.8621178683708	
151.187642618288	2236.32	21.6635011034203	16.3747217048262	27.1558242549991	37.0844247191323	
151.187642618288	1739.36	22.38126042034	20.6275948747896	30.4371235224606	42.6650853456431	
141.469494642824	1710	22.791704051703	20.7015607435164	30.7898748097149	42.2486699293267	
153.066670613544	1380.69	21.6869699183231	25.8658463183694	33.7545059214878	50.0221730253724	
151.187642618288	1242.4	22.3457174625327	29.4504152808792	36.9683384686353	52.8103259672078	
153.066670613544	1073.87	22.7321364761153	34.9699060205775	41.7090440534994	56.9741772401314	
143.493526637714	1055.8	23.7532341475894	33.9117777336957	41.4031979625944	54.9909860389686	
154.990698608686	852.471	24.4920748187294	42.8874559152935	49.388213207328	60.2702707297805	
153.066670613544	767.05	25.8276830460766	47.2263562781438	53.8274831181875	61.3261349126423	
151.187642618288	745.44	25.6794325041477	49.0884724654347	55.3995612141903	62.3847861594548	
154.990698608686	663.033	27.4984325801016	55.7127758476251	62.1295194493738	63.7302059595472	
145.582555632439	651.84	27.4052708455057	55.753781000712	62.1251395651622	63.8239899204971	
157.114731603323	526.32	31.3637287530791	69.2206634450868	75.9946296067998	65.6248254433794	
154.990698608686	473.595	33.6108132378883	76.8647678668442	83.8920693852289	66.3815863674224	
153.066670613544	460.23	34.3016073478159	77.9722985032256	85.1837989321905	66.2543250163705	
157.114731603323	409.36	37.0068065665873	87.4884510997812	94.9933303347957	67.0720868934737	
147.606587627329	402.45	38.6067412934035	89.2975812036373	97.285859620584	66.6193353421497	
159.253762597923	324.954	47.9808068624916	108.420476785937	118.562884637924	66.1285126348175	
157.114731603323	292.4	54.216940649919	119.322508878729	131.062343098814	65.5642290305311	
154.990698608686	284.157	55.8339747117935	122.395064544138	134.52874992685	65.4785566275869	
159.253762597923	252.742	65.0305099828856	134.136825750441	149.069296808693	64.1355546280934	
151.187642618288	248.48	65.8047271290061	136.059909341975	151.137556691477	64.1894887203049	
161.672800591815	200.628	85.4348317666508	159.808403355236	181.21213055959	61.870688878588	
159.253762597923	180.53	100.21555556188	171.617810913481	198.735579600915	59.7173735057084	
157.114731603323	175.44	104.832294868548	174.282570776869	203.381967057064	58.9727706880479	
161.672800591815	156.044	119.752607613874	186.19780375864	221.382720994353	57.2530134525067	
153.066670613544	153.41	123.908723533118	187.914259367476	225.089183749983	56.5995539032564	
163.951835586061	123.876	159.441605298704	206.48008880064	260.874783318258	52.3250832881254	
161.672800591815	111.46	179.888340366016	213.815903539501	279.422718485904	49.9253103255106	
159.253762597923	108.318	188.527140314147	214.380009380985	285.484274623352	48.6713977066133	
163.951835586061	96.348	210.381443944465	218.34434291685	303.207196550394	46.0640555462765	
154.990698608686	94.719	217.146381423598	220.765565444684	309.661082235843	45.473518135519	
166.470872579701	76.4802	262.104444381827	220.5925537477	342.578187474973	40.0846631462167	
163.951835586061	68.82	283.504147350111	217.20643636441	357.145961145916	37.4574968359069	
161.672800591815	66.876	291.064744490097	216.416795776188	362.704997179689	36.6320903590884	
166.470872579701	59.4846	316.152176905852	208.400476695523	378.659421709312	33.3919817182763	
157.114731603323	58.48	319.043350073781	209.345704913976	381.594396437147	33.2715622139645	
169.459917572155	47.2194	354.818321796093	190.264829665063	402.612402801592	28.2016197493321	
166.470872579701	42.489	371.963988749723	179.480854144888	413.001920009076	25.7583374659264	
163.951835586061	41.292	375.742406713963	176.027267678322	414.93126559648	25.1020836135182	
169.459917572155	36.7262	391.199837326782	163.883410946273	424.140407303862	22.7300308618656	
159.253762597923	36.106	395.167773956833	161.583837333464	426.92728427849	22.2396199157244	
172.638966564129	29.1537	414.592078835564	140.012089483846	437.595677577861	18.6603644248813	
169.459917572155	26.233	423.982683285553	128.110647767884	442.914950975381	16.8127218632167	
166.470872579701	25.4934	426.839563481093	124.379430600832	444.592235322793	16.2459224743266	
172.638966564129	22.6751	433.231808354538	114.132410996254	448.013400480344	14.7589038713787	
161.672800591815	22.292	433.742742772645	111.597470198853	447.869135197683	14.4286558395915	
175.933015555812	18	444.860184361087	92.5311857473698	454.38156208807	11.7500165833826	
172.638966564129	16.1965	447.314672295997	85.2362712012006	455.363193483575	10.7884356310762	
169.459917572155	15.7398	450.678714399805	81.5499184619538	457.997481231297	10.2566391344881	
175.933015555812	14	452.168464538428	73.7837506013865	458.148842818409	9.26770523245727	
163.951835586061	13.764	453.349593168283	72.7388484344077	459.147899589458	9.11527991610498	
175.933015555812	10	459.626473471463	53.5841824216782	462.739408005859	6.64964019166472	
172.638966564129	9.7179	458.726351808789	53.1627838636302	461.796651603205	6.61064060331881	
166.470872579701	8.4978	461.605178372967	46.8054271947127	463.972077517191	5.78983759881603	
175.933015555812	6	462.960014733837	33.2303183954756	464.151084565166	4.10553229371175	
169.459917572155	5.2466	459.948543876042	29.3728326419041	460.885480690269	3.65401116013788	
172.638966564129	3.2393	466.077758877851	19.6870348631795	466.493361863065	2.41872488949197	
175.933015555812	2	466.891778475107	10.4246762188018	467.008144128039	1.27907740372779	
