9/1/2024
Time (s)	Frequency (Hz)	Z' (Ω)	-Z'' (Ω)	Z (Ω)	-Phase (°)	OCP value (V)
5.78225098540122	50000	21.2378691540355	3.68281220586882	21.5548183000374	9.83770619123626	-0.00573635101318359
8.55529197839996	14100	25.7428244474767	12.8874327757702	28.788520873494	26.5935696173101	
10.0643129745901	3976.4	29.9643807570578	38.6420352895927	48.8985787674454	52.2087532083208	
14.5343809633042	2846.07	31.7463442478406	52.5705228656136	61.4124600343156	58.873016307457	
14.5343809633042	2213.61	36.0546500187503	66.8150323353536	75.9222387311446	61.6478649269952	
14.5343809633042	1581.15	43.261040089341	90.8375017290153	100.61296790166	64.5340395192251	
11.6533359705782	1121.4	58.4643139785864	122.085434155352	135.36221497112	64.4111560097032	
14.5343809633042	948.69	69.0773925428985	140.349656712526	156.427977995784	63.7944788546777	
16.0434019594943	802.602	81.5473703915785	159.235848576986	178.902289224633	62.8822467223243	
16.0434019594943	624.246	107.546691508687	191.625409418823	219.742095169306	60.6973789431455	
16.0434019594943	445.89	156.419515458409	235.652169861437	282.840962338638	56.4248723444965	
14.5343809633042	316.23	226.577830804872	276.865437979907	357.759673747681	50.7042018329234	
16.0434019594943	267.534	266.869178069887	291.216044678378	395.001193519483	47.4979853996222	
17.8174309550153	226.341	309.476299137559	300.676708423075	431.488195337966	44.1737409267218	
17.8174309550153	176.043	377.01668771501	304.896136334585	484.874454645071	38.9627199353729	
17.8174309550153	125.745	465.152327752564	294.145455024084	550.35282930585	32.3077755068143	
16.0434019594943	89.178	545.116900114977	266.692182946828	606.858430967146	26.0696608971058	
17.8174309550153	75.447	570.549597706838	252.025252008374	623.733573806412	23.8321815004342	
20.2014659489962	63.8289	599.653860684742	238.430517780248	645.316871345444	21.6834402958503	
20.2014659489962	49.6447	633.040546917601	208.280639792165	666.42415844113	18.2120467266476	
20.2014659489962	35.4605	663.863221869939	180.48958806198	687.961386089597	15.2098005175285	
17.8174309550153	25.149	697.826291426349	158.913163714893	715.691921575008	12.8289566337525	
20.2014659489962	21.2763	707.496318325421	152.15942557328	723.673635857226	12.1375737010485	
22.8355049423459	18	716.4134105371	149.07719727142	731.75965011997	11.7548289567267	
22.8355049423459	14	735.189183857029	142.668084641166	748.904078260723	10.9821098369926	
22.8355049423459	10	762.747858472678	138.348092128466	775.193195403729	10.2806064202946	
20.2014659489962	7.0921	792.940419753496	131.679885292723	803.799789418706	9.42879416861285	
22.8355049423459	6	808.55660494226	132.79544199298	819.389048504961	9.32685848077034	
22.8355049423459	2	899.986214782667	88.9096286742205	904.367242258266	5.64194286959992	
