9/3/2024
Time (s)	Frequency (Hz)	Z' (Ω)	-Z'' (Ω)	Z (Ω)	-Phase (°)	OCP value (V)
7.41822998127077	50000	21.912970769942	3.77855804773354	22.2363618625985	9.78357415026836	-0.00356025695800781
11.5322929708838	14100	26.3784799914098	13.238460515366	29.514082121491	26.6505154692718	
13.79932696516	3976.4	31.1381924042175	39.2149147465733	50.0739110194428	51.5490357776862	
20.2034239489913	2846.07	32.6598252939613	54.3245459706722	63.3862799283232	58.9857862046019	
20.2034239489913	2213.61	36.4707358897245	67.2679150124888	76.518540017864	61.5347196616516	
20.2034239489913	1581.15	44.0369454937092	92.4425387757096	102.395681274722	64.528223721472	
16.0363569595121	1121.4	59.0777300763266	124.543622633474	137.845174488048	64.6225021267126	
20.2034239489913	948.69	69.4974097324189	143.253402073421	159.221315046463	64.1202979380528	
22.8154609423965	802.602	82.9392315809068	164.154004774124	183.916974253641	63.1946952756996	
22.8154609423965	624.246	109.220285633849	197.868518638539	226.011109156496	61.101998550317	
22.8154609423965	445.89	160.870135520669	244.587123546225	292.749144331892	56.6662327364821	
20.2034239489913	316.23	236.089675400664	287.205904107204	371.786990338322	50.5790307319105	
22.8154609423965	267.534	279.302516190468	300.075208883932	409.945150644646	47.0533720548594	
25.3224999360668	226.341	323.59340315886	309.130368955519	447.520139857982	43.6905398970121	
25.3224999360668	176.043	395.517605851615	311.305962342959	503.334460104679	38.2057517727156	
25.3224999360668	125.745	486.438157281331	293.999055240852	568.381496304877	31.148405955055	
22.8154609423965	89.178	563.120072001125	259.644848189112	620.096494653613	24.753603062438	
25.3224999360668	75.447	594.457525858975	234.801626646361	639.149085836904	21.553261534068	
28.4495459281718	63.8289	607.823284885502	231.728122955346	650.497554659054	20.868977075525	
28.4495459281718	49.6447	640.883919707149	192.691040282769	669.224951376183	16.7341669966531	
28.4495459281718	35.4605	674.36602796863	159.610933555505	692.997250924307	13.3158957890942	
25.3224999360668	25.149	698.528577061496	130.392203655006	710.594328534619	10.57353947726	
28.4495459281718	21.2763	707.671605664875	121.196364318305	717.974693278445	9.71823689822397	
31.8465969195951	18	713.630817421772	115.17107973195	722.864663115226	9.16777256498495	
31.8465969195951	14	726.2702502397	106.48776763348	734.03550393615	8.3414303473111	
31.8465969195951	10	742.766047694932	97.3766887209034	749.121900036702	7.46888586054303	
28.4495459281718	7.0921	762.034993363985	88.7572275612565	767.186533090623	6.64353136348624	
31.8465969195951	6	770.84388286101	88.5899641376392	775.917826506226	6.55600888809998	
31.8465969195951	2	828.449716137974	60.9114400715687	830.685942881353	4.20508320805732	
