9/1/2024
Time (s)	Frequency (Hz)	Z' (Ω)	-Z'' (Ω)	Z (Ω)	-Phase (°)	OCP value (V)
7.2962269815788	50000	21.2613257158046	4.20573149810554	21.6733049770378	11.1893044498849	-0.0253528594970703
11.4102879711918	14100	26.0716775591347	13.0397892804514	29.1507885866929	26.5719961328206	
13.6823219654555	3976.4	29.9349713620621	38.5247620927757	48.7879063370467	52.1516514611915	
20.1514219491226	2846.07	31.2643370268491	53.3112872777054	61.8025251986878	59.6105625061249	
20.1514219491226	2213.61	34.1343732555235	66.9013146768367	75.1062004300346	62.9684266139319	
20.1514219491226	1581.15	41.1998551122677	92.1590309195046	100.949071522694	65.9128859537048	
16.019355959555	1121.4	54.1536819486699	124.667881312289	135.921675605816	66.520664503075	
20.1514219491226	948.69	63.3075912105157	144.46909547442	157.731324257659	66.3365568859131	
22.2584529438028	802.602	74.9669231398313	166.198464017326	182.323802633588	65.7213550334799	
22.2584529438028	624.246	99.3219181130891	202.069973891088	225.160204667717	63.824849650239	
22.2584529438028	445.89	148.031593791545	256.018545808857	295.734422342999	59.9632187452694	
20.1514219491226	316.23	222.304864284035	310.31262576315	381.724217717928	54.3825666549967	
22.2584529438028	267.534	266.905522341536	331.55936139921	425.640890878519	51.165910256448	
24.7254879375741	226.341	317.271346728376	347.975976528102	470.9016751887	47.6426232613786	
24.7254879375741	176.043	398.875017259354	360.781080615913	537.832936444056	42.1292338127865	
24.7254879375741	125.745	509.396270915309	352.116050388849	619.249766866218	34.6538530486303	
22.2584529438028	89.178	608.04909171069	319.082793237534	686.6859011735	27.6889100334104	
24.7254879375741	75.447	645.933291387188	295.935339299248	710.498094275028	24.6149569521613	
27.9025369295529	63.8289	675.962427534693	270.100436717767	727.928189695744	21.7806154053987	
27.9025369295529	49.6447	718.815200169752	237.130758188224	756.918944454426	18.2572645205828	
27.9025369295529	35.4605	758.084743386583	194.669789303843	782.680525516704	14.4018938461946	
24.7254879375741	25.149	789.823409831925	160.824006477078	806.030632034458	11.50923772405	
27.9025369295529	21.2763	796.366779503033	147.264861099884	809.86849970276	10.4768359294698	
31.2695869210519	18	805.566998059459	137.077075073571	817.146445181801	9.65707896563251	
31.2695869210519	14	819.010608680819	123.8178038824	828.317104549934	8.59686038497128	
31.2695869210519	10	837.349653978222	112.092311569278	844.818992051192	7.62460506531716	
27.9025369295529	7.0921	857.469970491126	104.977188347263	863.872074075409	6.9797977268699	
31.2695869210519	6	866.004929609479	103.017118116009	872.110695229021	6.78383996277479	
31.2695869210519	2	934.808806291717	74.8938406520282	937.804132902044	4.5805677720185	
