8/30/2024
Time (s)	Frequency (Hz)	Z' (Ω)	-Z'' (Ω)	Z (Ω)	-Phase (°)	OCP value (V)
5.87820898515895	50000	20.6505176979704	3.68658376488383	20.9770060077622	10.1219594859503	-0.0268224716186523
8.67225197810467	14100	25.1311215163775	12.9771667723137	28.2839199211738	27.3108505309269	
10.1842719742872	3976.4	28.8991806184703	39.4975951651249	48.9410120885038	53.8082087318198	
14.7183429628398	2846.07	31.4004491638008	54.2536054772353	62.6852607473873	59.9389579326638	
14.7183429628398	2213.61	33.6687362478026	69.0315592010969	76.8045569368032	64.0001373269115	
14.7183429628398	1581.15	42.3364904019091	93.7414609364998	102.858348800962	65.6946196463279	
11.7862989702425	1121.4	56.0769042447484	127.872847579169	139.628379413642	66.3207975929445	
14.7183429628398	948.69	65.8205643710381	147.927629476485	161.910253710672	66.0132737424876	
16.2553649589591	802.602	80.0939121755573	169.665186142721	187.620121939066	64.7293908997973	
16.2553649589591	624.246	106.391179865702	205.168609185471	231.113048849079	62.5907834774751	
16.2553649589591	445.89	160.56476241253	255.274420514751	301.572665700547	57.8305651887434	
14.7183429628398	316.23	238.330142108765	300.933874460537	383.878175252793	51.6218860352514	
16.2553649589591	267.534	285.385099137071	316.898218859205	426.46117751281	47.9951415268202	
18.0623929543968	226.341	335.132915417092	327.076378648325	468.287335367573	44.3029654134642	
18.0623929543968	176.043	412.527094636839	326.960382155075	526.385500663254	38.3996106698265	
18.0623929543968	125.745	509.051059312906	305.172519605319	593.517689466667	30.9423899813777	
16.2553649589591	89.178	587.39895451676	263.011261722381	643.593393036458	24.1207234781035	
18.0623929543968	75.447	618.153977223555	240.202589885257	663.18294892502	21.2351563770149	
20.4794289482944	63.8289	641.787045124207	218.242723275994	677.879412249836	18.7808442722533	
20.4794289482944	49.6447	669.618046672134	185.788792825696	694.91424216851	15.5069339950106	
20.4794289482944	35.4605	697.625475638845	147.99155407601	713.149917154982	11.9769492293854	
18.0623929543968	25.149	719.332299524745	116.187374129484	728.655242928136	9.17523620894231	
20.4794289482944	21.2763	722.706699425805	106.267692242604	730.477785979498	8.36490021898994	
23.2314699413462	18	729.253557762693	96.6662309680811	735.632456950562	7.55082462767738	
23.2314699413462	14	737.99682730374	84.7777663898189	742.850312502077	6.5531569918412	
23.2314699413462	10	748.475419513198	75.5595555729995	752.279668776079	5.76455301901009	
20.4794289482944	7.0921	758.021854088647	68.1832847873624	761.082184524368	5.1398642166644	
23.2314699413462	6	765.665482499773	66.243998194549	768.5257955257	4.94481418803611	
23.2314699413462	2	803.01570730784	46.3821128673765	804.354105215578	3.30572598668865	
