8/30/2024
Time (s)	Frequency (Hz)	Z' (Ω)	-Z'' (Ω)	Z (Ω)	-Phase (°)	OCP value (V)
6.25225398421458	50000	20.4847148609733	3.86160541726192	20.8455160486376	10.6756343602915	-0.0248950958251953
9.0662979771098	14100	25.2703377368707	13.3256793400079	28.5685788797452	27.8037995361802	
10.6083199732166	3976.4	29.2782943733162	39.874435405943	49.4690723619645	53.7115656555916	
15.1173879618323	2846.07	31.4310365438912	54.5385145126718	62.9472765373716	60.0447655929334	
15.1173879618323	2213.61	34.6097778126418	69.8196920516466	77.9270563952417	63.6322820440746	
15.1173879618323	1581.15	42.4896716635882	95.0291775186228	104.095709699994	65.9095129951251	
12.1903409692223	1121.4	57.040897843313	129.252829352492	141.27971518373	66.1875295373451	
15.1173879618323	948.69	67.1686460496495	149.183408087975	163.607201127842	65.7607218982364	
16.6694109579138	802.602	81.3453714501518	170.2742057578	188.707113280906	64.4647189869195	
16.6694109579138	624.246	108.280542986212	206.957959406302	233.572842922737	62.3814054737711	
16.6694109579138	445.89	163.544787586494	256.792786064224	304.449392381292	57.5079772974223	
15.1173879618323	316.23	243.397813729809	300.526877313368	386.728457339481	50.9958611377844	
16.6694109579138	267.534	289.168258439762	315.198090644943	427.747727095426	47.4661835916183	
18.4664379533767	226.341	337.623563538845	323.254548492711	467.42183707856	43.7544537942263	
18.4664379533767	176.043	414.606701569548	322.858861557894	525.486975550145	37.9082896855081	
18.4664379533767	125.745	508.358336237432	300.067100437592	590.312174012288	30.5519471792394	
16.6694109579138	89.178	585.91768384413	260.065947645236	641.041207229212	23.9345630548205	
18.4664379533767	75.447	614.077888348245	236.760912862575	658.139333893484	21.0844037706793	
20.8684729473122	63.8289	636.870147426202	214.016431012892	671.868005955164	18.5746169223125	
20.8684729473122	49.6447	665.045443097392	182.333250713849	689.587453264983	15.33184893965	
20.8684729473122	35.4605	692.32091069154	147.738907188988	707.908912274849	12.04604053566	
18.4664379533767	25.149	715.043802418455	117.793501641779	724.681273668689	9.35466285338898	
20.8684729473122	21.2763	718.890462513816	108.399132715312	727.017103696165	8.57484419429553	
23.4955119406795	18	724.074988255866	99.051300510192	730.818547076148	7.78954233985302	
23.4955119406795	14	733.714922521901	89.1704431006641	739.1136282427	6.92933501372739	
23.4955119406795	10	745.132063158235	78.5065306545492	749.256342583672	6.01444936275389	
20.8684729473122	7.0921	758.769666194902	72.8050419230238	762.254537846076	5.48083354282428	
23.4955119406795	6	766.215006016953	70.0022858163219	769.406105684813	5.22011676058345	
23.4955119406795	2	808.544571338703	45.6612292813801	809.832866522947	3.23225200190551	
