8/31/2024
Time (s)	Frequency (Hz)	Z' (Ω)	-Z'' (Ω)	Z (Ω)	-Phase (°)	OCP value (V)
5.83924598525732	50000	22.1972639169825	3.74172734851826	22.5104208967941	9.56823071511778	-0.0196924209594727
8.67328797810205	14100	26.0163561962965	12.1392283991566	28.7090866427246	25.0137506149546	
10.2203119741962	3976.4	28.8998339716872	38.1325147316352	47.8465158956163	52.8422741596718	
14.7643809627235	2846.07	30.2719208684346	52.7707065846579	60.8369679266548	60.1592580119645	
14.7643809627235	2213.61	33.1389228122826	67.1234160791926	74.8581404477752	63.724383286657	
14.7643809627235	1581.15	39.8799360818738	92.0181357276762	100.288317388873	66.5684709046855	
11.8073339701893	1121.4	53.4610406924693	125.666203033336	136.565286426447	66.954080353406	
14.7643809627235	948.69	62.0546601956158	145.481656778317	158.163501829459	66.8995085199585	
16.3114029588177	802.602	74.2838864924755	167.261004354613	183.014587861572	66.0530561621005	
16.3114029588177	624.246	98.8757265112961	205.290648646588	227.861053527964	64.2827780635219	
16.3114029588177	445.89	148.679333374985	258.205727789144	297.952583536292	60.0659168333404	
14.7643809627235	316.23	223.674819283865	312.235844905233	384.085469167156	54.3835149640388	
16.3114029588177	267.534	268.586402689472	334.615688236357	429.076117400587	51.2469882456145	
18.1184309542554	226.341	320.29732513238	352.570029342262	476.336018034917	47.7459703264328	
18.1184309542554	176.043	402.501864790106	365.195402709274	543.484529052577	42.2178842826118	
18.1184309542554	125.745	513.969032060959	355.209335320255	624.770228016937	34.6487534754147	
16.3114029588177	89.178	612.895723875093	320.285122480865	691.537220998955	27.5905268705347	
18.1184309542554	75.447	651.690816030839	298.380946278776	716.751078688521	24.6009881480381	
20.5354659481529	63.8289	684.657642952051	273.699785044643	737.338226586782	21.7896296579063	
20.5354659481529	49.6447	725.863429111442	238.320811284693	763.985946737776	18.1764224299614	
20.5354659481529	35.4605	766.71219697231	194.681620948826	791.042683122326	14.2472992389999	
18.1184309542554	25.149	796.668202703466	158.881881609055	812.356865855397	11.2786885281608	
20.5354659481529	21.2763	805.521033122771	147.632453866232	818.938017335708	10.3856645748458	
23.1975079414319	18	815.800399345629	134.443446215626	826.804288694018	9.35819786425247	
23.1975079414319	14	828.244915107234	120.967254582939	837.032087845098	8.30944136643309	
23.1975079414319	10	844.996100834382	109.084164062474	852.008078174449	7.3558747863358	
20.5354659481529	7.0921	862.344094864405	100.275729790274	868.154686638552	6.63272181118467	
23.1975079414319	6	871.505724282509	100.136824954587	877.239768346811	6.55459457082416	
23.1975079414319	2	936.668317593251	70.8140161161415	939.341344805747	4.32345200446799	
