8/30/2024
Time (s)	Frequency (Hz)	Z' (Ω)	-Z'' (Ω)	Z (Ω)	-Phase (°)	OCP value (V)
6.33825098399745	50000	20.8984159652859	3.67590157230842	21.2192375505676	9.975926588562	-0.0374678391676683
9.16729297685481	14100	25.3101200208646	12.8764074554178	28.3972541705798	26.9645075081772	
10.6943149729995	3976.4	29.0257853440384	40.1401821955863	49.5351434996716	54.1289149506187	
15.2633849614637	2846.07	31.2817710614715	55.7467024967602	63.9237361236388	60.7014221060593	
15.2633849614637	2213.61	34.9633640036139	69.8746301668085	78.1338643828492	63.417863702138	
15.2633849614637	1581.15	44.2309098527236	96.2111455921766	105.891255175103	65.3104572486611	
12.3013389689421	1121.4	59.577084648379	129.687241866718	142.717236934425	65.3264001173066	
15.2633849614637	948.69	71.0132381930793	148.633147810094	164.726113978945	64.4626838880657	
16.8054089575704	802.602	86.2682671855665	170.153394753207	190.773141896968	63.114858795565	
16.8054089575704	624.246	116.033764677282	203.772962343611	234.493613404446	60.3416586755462	
16.8054089575704	445.89	172.780565954044	246.986153443607	301.422102647216	55.0250691351091	
15.2633849614637	316.23	252.000004929156	281.849257995572	378.078043156369	48.2002616535631	
16.8054089575704	267.534	296.022177591957	290.681437750668	414.879293143294	44.4784531872079	
18.6424369529324	226.341	340.826396348043	292.446284549676	449.096272300832	40.6312624366958	
18.6424369529324	176.043	407.640010938977	285.388391459152	497.611206161971	34.9958295105948	
18.6424369529324	125.745	488.120033050571	257.520054941383	551.885627066246	27.8150203195907	
16.8054089575704	89.178	550.875760039471	218.282225314839	592.546397244522	21.6157406148198	
18.6424369529324	75.447	573.472353491402	198.640619345457	606.900845173999	19.1051752611066	
21.0344709468931	63.8289	589.017218557081	177.448805638186	615.166125838492	16.7655849036674	
21.0344709468931	49.6447	609.545786082626	151.867387163788	628.179726364232	13.9903140102059	
21.0344709468931	35.4605	630.850891491841	121.115177638987	642.3719588763	10.8678076350022	
18.6424369529324	25.149	649.771518348045	96.6723469532921	656.923563835079	8.46233381640108	
21.0344709468931	21.2763	651.09520087524	89.2835436297896	657.188338123754	7.80817082175901	
23.6865109401973	18	654.826588613603	82.5315224356208	660.007055531128	7.18343674441256	
23.6865109401973	14	663.636519394355	74.1624024953827	667.767543249701	6.3764355329651	
23.6865109401973	10	674.734796798888	66.2658158413669	677.980976400046	5.60904061228238	
21.0344709468931	7.0921	686.127322833064	60.1238857637012	688.756549716512	5.00791608313246	
23.6865109401973	6	688.371399452437	58.6265842305151	690.863416286204	4.86796727558241	
23.6865109401973	2	724.904689271191	33.2684390075738	725.667690862259	2.62766211097435	
