8/31/2024
Time (s)	Frequency (Hz)	Z' (Ω)	-Z'' (Ω)	Z (Ω)	-Phase (°)	OCP value (V)
7.28523198160656	50000	19.9780863631935	2.75249547566317	20.1668085248699	7.84458107714858	-0.0308835983276367
11.4492949710933	14100	24.2192533566716	12.1109147098068	27.078524484596	26.5674888144785	
13.7063259653949	3976.4	27.6909590508874	37.2706675732954	46.4315827268145	53.3887871463536	
20.0004259495038	2846.07	29.6215298333479	51.1491447450427	59.1072756758189	59.9239785524744	
20.0004259495038	2213.61	31.9107613685372	65.2540830411909	72.6387778302083	63.9402934415867	
20.0004259495038	1581.15	38.2114791763573	89.2212182601836	97.0594813950523	66.8156175348975	
15.9683629596838	1121.4	50.1831603589969	122.199578114063	132.102560440257	67.6737316050659	
20.0004259495038	948.69	58.4806893454435	142.379406194968	153.921688967962	67.6701614607713	
22.1874569439821	802.602	69.674036326679	163.709878458965	177.919632539808	66.9456593659175	
22.1874569439821	624.246	93.2016164723251	200.527675831815	221.128673146573	65.0718519479198	
22.1874569439821	445.89	140.166637722337	255.195326709246	291.155183887603	61.2221042459861	
20.0004259495038	316.23	212.552986294591	313.704634810414	378.93188026911	55.8800946941701	
22.1874569439821	267.534	257.458287654626	337.611903657399	424.578105150543	52.6713448495472	
24.6994929376398	226.341	308.430979295574	356.025468302791	471.04543631103	49.0970538847906	
24.6994929376398	176.043	391.570097687695	373.003559270397	540.794597450396	43.6089302776441	
24.6994929376398	125.745	506.236195839513	368.546763485424	626.180327744047	36.0551221457525	
22.1874569439821	89.178	612.593288285871	336.545009659742	698.951414892174	28.7834062459021	
24.6994929376398	75.447	653.952794759007	313.27037460357	725.115566911494	25.5963439560179	
27.8015419298079	63.8289	691.751864507512	290.274847369962	750.186729464921	22.7640314943003	
27.8015419298079	49.6447	735.123255557129	252.415102329556	777.251300896276	18.9506432476835	
27.8015419298079	35.4605	779.013598864385	207.931484493319	806.286356984438	14.9447736278004	
24.6994929376398	25.149	808.522261862678	171.708930751691	826.554417341913	11.9899798331596	
27.8015419298079	21.2763	821.432048591137	157.205294426086	836.339712705444	10.8342360372303	
33.4706289154948	18	828.828732909422	145.067208028704	841.428287699837	9.9277331958756	
33.4706289154948	14	843.146620040458	131.719648738923	853.373475536681	8.87919906449381	
33.4706289154948	10	860.706467454047	118.735125499391	868.857671396518	7.85442331365461	
27.8015419298079	7.0921	883.006981118373	112.947710271113	890.201389551415	7.28926878320447	
33.4706289154948	6	891.575526949338	110.880612467739	898.443893894444	7.08917920837586	
33.4706289154948	2	969.592137948692	84.0597430388401	973.229137650364	4.95492462588701	
