9/1/2024
Time (s)	Frequency (Hz)	Z' (Ω)	-Z'' (Ω)	Z (Ω)	-Phase (°)	OCP value (V)
5.7872479853886	50000	21.5804013794481	3.73812140776951	21.9017642065042	9.8271676545293	-0.00633068084716797
8.5702899783621	14100	25.8037721235758	12.9328610451646	28.8633600022409	26.6200472764947	
10.0793119745522	3976.4	29.7594408426482	38.7589756128594	48.8659647385101	52.4826674842854	
16.9374159572371	2846.07	31.754290970611	53.3304696751963	62.0683010144732	59.2293769877035	
16.9374159572371	2213.61	34.8296552661344	67.307678997979	75.7854111162086	62.6398241415686	
16.9374159572371	1581.15	40.6572421427994	92.2811449291403	100.840572430402	66.2226620524712	
14.1363759643091	1121.4	54.8304684482545	125.3252384549	136.794720892411	66.3703626297576	
16.9374159572371	948.69	63.7982417727756	145.622124597721	158.984335158064	66.3413816157334	
18.4464379534272	802.602	76.8088566471452	166.809489296147	183.643693544546	65.2758887092152	
18.4464379534272	624.246	101.004520418323	203.02020094568	226.757833683778	63.5492091720736	
18.4464379534272	445.89	150.423562595991	257.196918963868	297.955539147331	59.6784465962823	
16.9374159572371	316.23	224.581768405163	310.725489189209	383.389228241827	54.1418825871136	
18.4464379534272	267.534	270.401597241464	331.522782366002	427.813486251229	50.7981096788592	
20.2204669489482	226.341	321.000655683737	347.240297148379	472.881850902616	47.2486630356031	
20.2204669489482	176.043	402.954132210094	359.795620270583	540.208220069894	41.7614979213384	
20.2204669489482	125.745	513.954799186677	347.954174013785	620.662261476105	34.0985181674006	
18.4464379534272	89.178	607.231664185778	315.043443864935	684.092585482482	27.4211509468301	
20.2204669489482	75.447	648.7827246399	289.563920253739	710.469061749972	24.0521044644448	
22.5844999429796	63.8289	681.216274466922	258.988506135042	728.787114944174	20.816074506664	
22.5844999429796	49.6447	721.643950943652	233.980603943666	758.628311464452	17.9643922441937	
22.5844999429796	35.4605	757.555543167432	190.616135176386	781.168939457583	14.1235699947183	
20.2204669489482	25.149	785.346274068608	154.001219514978	800.303158687722	11.0945487872419	
22.5844999429796	21.2763	796.245721251423	142.27505104645	808.856871616647	10.1308300814674	
25.2085419363545	18	804.194804974257	131.331228507179	814.847946508297	9.27496939044421	
25.2085419363545	14	817.070187291543	118.316834960517	825.592250687778	8.23951207266716	
25.2085419363545	10	833.116083166702	106.199635590366	839.857589493929	7.26447463776739	
22.5844999429796	7.0921	851.387995844177	99.2966704952525	857.15888156106	6.65230516633971	
25.2085419363545	6	860.738521393145	97.1874919344995	866.207948935229	6.44208229871022	
25.2085419363545	2	923.022507195019	70.4171459457141	925.704663071175	4.36262946542446	
