9/4/2024
Time (s)	Frequency (Hz)	Z' (Ω)	-Z'' (Ω)	Z (Ω)	-Phase (°)	OCP value (V)
7.41423298128086	50000	21.979465525722	2.61957251882308	22.1350189739646	6.79660708241128	-0.0207990646362305
11.6182939706666	14100	26.5440933398109	12.5482537936638	29.3606465273295	25.3016202255708	
13.8553269650187	3976.4	31.9593856479874	38.1459488506197	49.7646033311919	50.0430985400938	
20.1044219492412	2846.07	34.7570121773526	51.8451905931966	62.4177353253186	56.1621027182437	
20.1044219492412	2213.61	39.9808619335708	65.0713443305353	76.3724372659033	58.4327771777152	
20.1044219492412	1581.15	49.8522069103448	87.5296486767764	100.730739753621	60.3364744992317	
16.0123599595727	1121.4	68.5787445190022	113.916759746217	132.966433173489	58.9517436121191	
20.1044219492412	948.69	81.0363004302855	128.85813545482	152.221224079693	57.8350350357783	
22.4814579432398	802.602	95.618038509509	144.072746319972	172.915486641842	56.4286105399697	
22.4814579432398	624.246	124.996028455085	165.759458855652	207.60588943877	52.9807544709498	
22.4814579432398	445.89	175.150510402368	188.801859226745	257.534159562738	47.1480782616639	
20.1044219492412	316.23	235.773996246093	201.722714886797	310.292492669663	40.54952227851	
22.4814579432398	267.534	265.528535767709	201.977103120939	333.616776394818	37.2588192930968	
24.9434969370237	226.341	296.156301880134	197.35997577897	355.892561291736	33.6796782704702	
24.9434969370237	176.043	336.400996742321	186.934757000889	384.850924364498	29.060501431197	
24.9434969370237	125.745	383.274604049172	162.893853733671	416.453874628699	23.0257638616757	
22.4814579432398	89.178	417.566196338782	137.029451861172	439.475367912937	18.1678820035644	
24.9434969370237	75.447	432.942324948739	124.026336542825	450.357179234719	15.9855842293517	
28.0705439291287	63.8289	439.244585036167	117.296243907549	454.636353934014	14.951430675532	
28.0705439291287	49.6447	457.145636481572	98.6262953055133	467.663638825847	12.1746026591605	
28.0705439291287	35.4605	470.936981579086	84.7960178120548	478.510193470947	10.2071980662223	
24.9434969370237	25.149	481.163324800932	72.668104920648	486.619767997813	8.58824099719842	
28.0705439291287	21.2763	488.323728779237	68.2309026089119	493.067460049519	7.95414135299216	
31.5275939204005	18	491.482933818669	63.9547481232384	495.626557039181	7.41401587568764	
31.5275939204005	14	499.856881498638	60.2895595181029	503.479625177058	6.87743094886475	
31.5275939204005	10	509.436378526185	55.9869901814487	512.503626168101	6.27162981273155	
28.0705439291287	7.0921	520.541238022206	50.4763253813569	522.982829455897	5.53859383548939	
31.5275939204005	6	527.21271117647	50.8683427858774	529.661053055466	5.51114802196262	
31.5275939204005	2	558.656249327475	33.550085995097	559.662767372388	3.43676877729998	
