8/31/2024
Time (s)	Frequency (Hz)	Z' (Ω)	-Z'' (Ω)	Z (Ω)	-Phase (°)	OCP value (V)
7.0982679820786	50000	23.1569486168833	3.81110016007035	23.4684629593645	9.34578737777664	-0.0253041317588405
10.0773119745572	14100	27.2528375915695	12.1755584597889	29.848976206902	24.0733227997204	
11.6643339705504	3976.4	30.4167966920251	38.1290820805736	48.7750799211145	51.4195081753366	
16.4584069584465	2846.07	32.3014767541202	52.5467106085257	61.6809711035188	58.4201553869885	
16.4584069584465	2213.61	35.9754680918244	66.9102903760239	75.9685544329344	61.7345386143528	
16.4584069584465	1581.15	43.4637594576901	91.413196022685	101.219913027417	64.5705559610817	
13.3663609662532	1121.4	58.4843069014738	123.001702345863	136.197771397795	64.5700530414846	
16.4584069584465	948.69	68.5515852963972	142.486332625451	158.119179202587	64.3073320595538	
18.0854309543387	802.602	81.6396844104508	161.503940447404	180.965634446645	63.1835599388821	
18.0854309543387	624.246	107.88900568881	194.464190510317	222.387856996179	60.9784252585814	
18.0854309543387	445.89	158.148559256811	240.628490653962	287.946240311293	56.6858329658658	
16.4584069584465	316.23	230.384783194934	281.473600547573	363.736905101739	50.6998402419716	
18.0854309543387	267.534	271.423647805691	296.373323265977	401.880508773276	47.5160263165277	
19.9824589495491	226.341	315.397283695438	307.353066953449	440.387731809313	44.2599377320322	
19.9824589495491	176.043	386.567380509964	312.20978653669	496.899678490156	38.9259546970581	
19.9824589495491	125.745	477.194583729847	297.703149633379	562.442740234716	31.958435857617	
18.0854309543387	89.178	554.008636540715	266.720298762914	614.870138430774	25.7078883747552	
19.9824589495491	75.447	585.678932728638	247.783028771741	635.937293755802	22.9317509428139	
22.4444979433331	63.8289	610.340084858886	229.340568966971	652.006223712355	20.594144371779	
22.4444979433331	49.6447	642.562818966627	203.321375142778	673.963320892382	17.5585465373417	
22.4444979433331	35.4605	676.23733410221	172.242396639513	697.828327910086	14.2897891594423	
19.9824589495491	25.149	704.428917687473	145.953028873995	719.390288168973	11.7056786956252	
22.4444979433331	21.2763	715.577034413487	137.787535879166	728.722098761698	10.8991598950885	
25.1165369365868	18	724.914574645836	131.756669746474	736.790988379089	10.3013285422841	
25.1165369365868	14	740.117270721055	124.20909519093	750.467503458832	9.52680219400534	
25.1165369365868	10	758.18808746223	116.378907676831	767.067941007631	8.72656785795619	
22.4444979433331	7.0921	784.905848149417	115.518360233424	793.361003585489	8.37239024331045	
25.1165369365868	6	792.4962876166	109.842932101244	800.072393986126	7.89113221994821	
25.1165369365868	2	879.436333061274	71.9422195475858	882.374040224265	4.67666310838324	
