9/2/2024
Time (s)	Frequency (Hz)	Z' (Ω)	-Z'' (Ω)	Z (Ω)	-Phase (°)	OCP value (V)
6.86526598266687	50000	21.2957997939452	4.39753594220549	21.7451008557511	11.6674588405139	-0.0518124229029605
9.67830797556462	14100	26.4556994128198	13.980130111081	29.9223673753302	27.8535618857267	
11.217327971679	3976.4	31.3621014577682	40.4133191317311	51.154841130537	52.1873285734297	
15.7374009602669	2846.07	33.7636231564925	55.5117738229475	64.9733736358496	58.6910066010933	
15.7374009602669	2213.61	36.8346280788393	69.3100561611776	78.4899592990849	62.0117191696378	
15.7374009602669	1581.15	44.9577575758084	95.319024041572	105.389355774115	64.748826136922	
12.7913529677049	1121.4	59.1040344485186	128.020280990021	141.005245409011	65.2183104382239	
15.7374009602669	948.69	69.1426689604892	148.055652182014	163.404971815491	64.967209531037	
17.286420956356	802.602	82.5775080443037	169.750792139594	188.770697585262	64.0587849017123	
17.286420956356	624.246	109.143120531652	205.326480221059	232.532114425848	62.0067237475937	
17.286420956356	445.89	161.733999901059	255.021666370316	301.983339014403	57.6172484085137	
15.7374009602669	316.23	236.340500253676	302.976427650934	384.254535135604	52.0435485656611	
17.286420956356	267.534	281.53638712108	320.537521168174	426.622830788307	48.7063267345367	
19.1254499517129	226.341	329.847166509556	333.18732383506	468.842133365542	45.288635510725	
19.1254499517129	176.043	407.09842135798	339.601905628924	530.149581702142	39.8348973926361	
19.1254499517129	125.745	507.397430846182	327.091606124615	603.689549045275	32.8076806551383	
17.286420956356	89.178	595.867713432454	292.139662957072	663.629350303234	26.1176063732574	
19.1254499517129	75.447	629.216217208367	270.852908055676	685.036017885354	23.2899824159712	
21.5694859455423	63.8289	656.40718287166	251.620593007762	702.981729884274	20.9733290042625	
21.5694859455423	49.6447	693.728845979272	218.944137588057	727.458759743747	17.5159451196956	
21.5694859455423	35.4605	731.120830827746	181.355555086154	753.277841590247	13.9311169703324	
19.1254499517129	25.149	758.477685862921	151.085696953623	773.37913585507	11.265629832946	
21.5694859455423	21.2763	767.227220546913	139.710201417615	779.843925621206	10.3203404206831	
24.28352893869	18	777.329065702588	131.873057919119	788.435780384806	9.62849532285785	
24.28352893869	14	790.323327106373	120.072975551893	799.392569909411	8.63882234826037	
24.28352893869	10	811.635246586612	107.014821706675	818.65984729106	7.51117255062022	
21.5694859455423	7.0921	827.801436133095	104.346436581144	834.352081852258	7.18438442529614	
24.28352893869	6	841.841722085512	96.4793133942249	847.352195345549	6.53786184422646	
24.28352893869	2	895.039683091303	74.4945317781777	898.134438474013	4.75778599985912	
