9/3/2024
Time (s)	Frequency (Hz)	Z' (Ω)	-Z'' (Ω)	Z (Ω)	-Phase (°)	OCP value (V)
7.5542319809274	50000	21.4328007295932	3.62816731941525	21.7377217116267	9.6080055982995	-0.00367774963378906
11.6732939705278	14100	25.745919884293	12.7559773314645	28.7326878027321	26.3564034582031	
13.9953279646652	3976.4	29.9325967749442	38.6887533468441	48.9160503845551	52.2717056998062	
20.394426948509	2846.07	31.4107931930555	52.4846173920034	61.1659463410964	59.1004841279166	
20.394426948509	2213.61	35.4541628405566	67.5349144978937	76.2755684276591	62.3016360649797	
20.394426948509	1581.15	44.587397809013	91.7191518226519	101.982541910103	64.074240014468	
16.2673619589289	1121.4	59.3062227931843	122.273379938956	135.897047442876	64.1252363984733	
20.394426948509	948.69	69.8408777135669	140.273190886426	156.69816936155	63.5316610251251	
22.5564589430504	802.602	83.5392976513092	159.419672431595	179.981794107823	62.3445058264094	
22.5564589430504	624.246	109.409695609739	191.317121085213	220.392201118256	60.2357912085931	
22.5564589430504	445.89	159.551062762703	233.953609490239	283.179859845681	55.7068979065179	
20.394426948509	316.23	231.077341772655	271.348929929603	356.408444982237	49.5827013694944	
22.5564589430504	267.534	270.938148578777	285.214103557073	393.388567733177	46.4704109993048	
25.0734959366955	226.341	313.652622947399	292.050877756425	428.569344540743	42.9574750947954	
25.0734959366955	176.043	379.000411318973	295.727747701694	480.724674362226	37.964326707305	
25.0734959366955	125.745	462.513492754842	280.65711935333	541.005683541303	31.2497322000528	
22.5564589430504	89.178	533.36460639224	246.774538078445	587.686545699133	24.8288067878654	
25.0734959366955	75.447	567.219712227148	235.695693275516	614.239905710851	22.5642544769488	
28.1255409289898	63.8289	574.668180729098	224.353730296679	616.910134655386	21.3259566922492	
28.1255409289898	49.6447	613.45436028477	193.198865760921	643.157876328746	17.481091623782	
28.1255409289898	35.4605	650.789341582431	167.999342343857	672.123906839552	14.4747270649726	
25.0734959366955	25.149	679.446236208319	140.44484231055	693.809730134485	11.6788367518999	
28.1255409289898	21.2763	691.543075408076	134.973805380023	704.591905491132	11.0440186420418	
31.587594920249	18	700.551933604998	128.955299583072	712.321894208132	10.4300600503415	
31.587594920249	14	716.414133460693	120.820877476146	726.530725473012	9.57266789136933	
31.587594920249	10	738.904729998286	111.669510551513	747.295309499969	8.59398659297931	
28.1255409289898	7.0921	761.252614748657	103.640699542537	768.275300958799	7.75286461900152	
31.587594920249	6	771.199471613595	100.944101927142	777.777819644509	7.45718389384605	
31.587594920249	2	834.237947010765	68.5237163451288	837.047460980848	4.69569343426065	
