9/3/2024
Time (s)	Frequency (Hz)	Z' (Ω)	-Z'' (Ω)	Z (Ω)	-Phase (°)	OCP value (V)
7.84623698019016	50000	21.5199652560116	3.74380282775691	21.8431903400823	9.86890850571911	-0.00434429462139423
12.0352989696138	14100	26.1953458650403	13.1592239194387	29.3148651566234	26.6726518534306	
14.1623299642436	3976.4	32.4515738969135	38.0099166338945	49.9785795206551	49.5104274757172	
20.5314269481631	2846.07	35.1880558211554	51.6963553526368	62.5356892439737	55.7581334673852	
20.5314269481631	2213.61	41.0251342697975	64.1887319063352	76.1790978260985	57.4160132054611	
20.5314269481631	1581.15	50.9479627070806	84.1823066397659	98.398961657091	58.8172600253771	
16.4143629585577	1121.4	68.1995435044699	110.016730806606	129.440560843931	58.2051612945359	
20.5314269481631	948.69	79.2696407457088	124.13177779785	147.28331271128	57.4379978710496	
22.6784589427424	802.602	93.3256285508952	137.861459197609	166.479592973174	55.9038747937991	
22.6784589427424	624.246	118.406898041413	159.517217431598	198.660353772235	53.4141338819855	
22.6784589427424	445.89	163.219370749702	185.506401852787	247.08943343716	48.6567945574977	
20.5314269481631	316.23	217.648403442436	205.710236407461	299.478761991322	43.3847610313219	
22.6784589427424	267.534	247.012190234675	212.134238090674	325.600916913393	40.6560067449962	
25.1304949365516	226.341	275.775919887857	213.629832422684	348.841028680598	37.7631557129444	
25.1304949365516	176.043	320.771629402124	213.180133205421	385.149590967944	33.6074309939739	
25.1304949365516	125.745	376.348583741118	201.168265969339	426.739882969774	28.1256816829867	
22.6784589427424	89.178	425.944683965152	184.729779194071	464.277896436244	23.4461024842716	
25.1304949365516	75.447	442.122241501624	180.282679926544	477.466146561112	22.1839938074457	
28.2675429286313	63.8289	465.951792368166	153.883945989244	490.704943570295	18.2761794955112	
28.2675429286313	49.6447	484.158354665215	152.865634403503	507.717652414916	17.5227190796882	
28.2675429286313	35.4605	514.940013150485	144.850666943028	534.925165660826	15.7110906216582	
25.1304949365516	25.149	544.512812128304	129.71548392728	559.750220493357	13.3994258814966	
28.2675429286313	21.2763	554.910958800262	126.856181962607	569.22637245542	12.8769043367095	
31.7045949199536	18	566.760690061938	124.120164351319	580.192636111561	12.3527152178347	
31.7045949199536	14	586.460239522123	119.630071619967	598.537356040661	11.5293971741456	
31.7045949199536	10	611.652569385265	112.8945862253	621.983965415973	10.4575639660896	
28.2675429286313	7.0921	636.198450401089	104.056606038647	644.652034475211	9.2890462381543	
31.7045949199536	6	649.873223131192	100.642983977671	657.62011554305	8.80321099572366	
31.7045949199536	2	707.342577219248	59.0178368263576	709.8004132225	4.76948356468689	
