8/31/2024
Time (s)	Frequency (Hz)	Z' (Ω)	-Z'' (Ω)	Z (Ω)	-Phase (°)	OCP value (V)
7.48522498110162	50000	19.8857995223412	2.87972813394765	20.0932291274497	8.23990977182825	-0.028795051574707
11.6692889705379	14100	24.4196301441226	12.4685756484175	27.4186745681853	27.0486936534873	
13.9913219646753	3976.4	28.204527090914	37.5383366325358	46.9534031307602	53.0805353979579	
20.4454219483803	2846.07	29.1962947006166	51.932110010896	59.5765698444368	60.6552530931932	
20.4454219483803	2213.61	32.5450661553296	65.7704670088618	73.382120858003	63.6725076850664	
20.4454219483803	1581.15	39.1909142949681	90.0236977858665	98.1844892348917	66.4745821524407	
16.2933589588632	1121.4	50.9536353171915	122.267014346412	132.459411704956	67.376523161381	
20.4454219483803	948.69	59.458260894118	142.254054751252	154.180092365147	67.3164212870717	
22.6474559428207	802.602	70.8516952717579	163.644448365265	178.324053912123	66.5892609512789	
22.6474559428207	624.246	93.6597124376931	200.277113514763	221.095146784629	64.9368304225082	
22.6474559428207	445.89	140.875342633258	255.38809207135	291.665801447277	61.1183086269839	
20.4454219483803	316.23	213.848299311711	312.460705167177	378.632787000916	55.6122374671932	
22.6474559428207	267.534	257.80380752437	334.718617852573	422.491841709635	52.3961565969528	
25.1994939363774	226.341	306.983384227213	354.553571727699	468.985110015725	49.1129790807892	
25.1994939363774	176.043	389.942081820614	372.252134680605	539.097838011675	43.6704472995404	
25.1994939363774	125.745	503.775888180909	368.182176174199	623.977772332343	36.1610217810262	
22.6474559428207	89.178	609.478911104226	339.412033220347	697.613841158246	29.112947858396	
25.1994939363774	75.447	651.056109062016	317.75430761692	724.459700160113	26.0151426435587	
28.401540928293	63.8289	686.142341331685	294.342934740889	746.611730285565	23.2184768687121	
28.401540928293	49.6447	732.975795701522	258.949611441473	777.372766663438	19.4575683530229	
28.401540928293	35.4605	778.572412137574	217.233761021556	808.310279452941	15.5899255872754	
25.1994939363774	25.149	811.23530951349	181.622453515421	831.317895285798	12.6194977057461	
28.401540928293	21.2763	823.742398449481	167.85931255506	840.671331624174	11.5178338467218	
34.0806289139547	18	833.107999499173	158.152894372698	847.986601797444	10.7488315989869	
34.0806289139547	14	849.861502852845	145.888238997989	862.292266177328	9.74052574862262	
34.0806289139547	10	871.773660861663	137.8448947152	882.604402193412	8.98522164756876	
28.401540928293	7.0921	898.770384880259	132.411812372678	908.471844799621	8.38084254359494	
34.0806289139547	6	909.951657880944	131.659555111215	919.427135847296	8.23290724440067	
34.0806289139547	2	1005.46688874392	99.542367228696	1010.38227777108	5.65392367163494	
