9/4/2024
Time (s)	Frequency (Hz)	Z' (Ω)	-Z'' (Ω)	Z (Ω)	-Phase (°)	OCP value (V)
7.94023897995282	50000	22.1513469781943	3.06316162054885	22.3621361247525	7.87311952831519	-0.0167976966271034
12.1043019694396	14100	26.9926544973612	13.4118511496217	30.141021019095	26.421421570227	
14.3663329637285	3976.4	32.5720426376954	39.5961922223657	51.2717895153112	50.5591003805268	
20.7904339475092	2846.07	34.363164492062	54.2874233051935	64.2491354262902	57.6667731457934	
20.7904339475092	2213.61	39.2359317346656	68.0288831582127	78.532714729857	60.0256286017938	
20.7904339475092	1581.15	47.2246562836132	91.9701126636111	103.386023158175	62.8204859155439	
16.5883679581184	1121.4	62.8973851039772	122.743649275145	137.920573121989	62.8680897743248	
20.7904339475092	948.69	73.7927298072432	141.118497993182	159.247597935593	62.3943366543274	
22.7574609425429	802.602	87.9331009657627	160.707685077353	183.191676362155	61.3142071276016	
22.7574609425429	624.246	114.729682689519	191.686164083107	223.397595311439	59.0982658080715	
22.7574609425429	445.89	167.46483450441	234.211693392342	287.922885712994	54.4346696943827	
20.7904339475092	316.23	239.746892596611	267.057517913989	358.884787061407	48.0845657740828	
22.7574609425429	267.534	281.120612709833	278.455298191383	395.684409575616	44.7270966902535	
25.2644989362133	226.341	324.064013651939	283.888033135231	430.824674666615	41.2191558018232	
25.2644989362133	176.043	389.645372452537	282.209266360609	481.108705277165	35.9147651251894	
25.2644989362133	125.745	467.523787910943	260.384605643537	535.143564960597	29.1153614779962	
22.7574609425429	89.178	531.151746115242	226.296810376843	577.349481499726	23.0763935820888	
25.2644989362133	75.447	556.973407405681	208.695189856979	594.788247048086	20.5407264642791	
28.3415449284445	63.8289	577.395964123536	186.785949280917	606.856729578671	17.9262464730685	
28.3415449284445	49.6447	602.891026191407	166.4233648392	625.439306269225	15.431751724248	
28.3415449284445	35.4605	630.523905014338	140.538324226147	645.996451515659	12.5653365605955	
25.2644989362133	25.149	649.023683279403	117.638035050154	659.598702809537	10.273543676817	
28.3415449284445	21.2763	659.847568840364	109.495174385555	668.870695514658	9.42181359096111	
31.728596919893	18	668.515435617679	105.543661308324	676.795650179182	8.97167270516813	
31.728596919893	14	680.042916954896	96.7608876332761	686.892304714577	8.09805506878159	
31.728596919893	10	696.418329098696	89.1050362218651	702.095575106922	7.29124096370107	
28.3415449284445	7.0921	711.040571847458	82.0140725097856	715.754848326437	6.57963292395138	
31.728596919893	6	721.691053895208	79.6005598928995	726.067645889581	6.29412717310879	
31.728596919893	2	772.466377708012	52.9024604533667	774.275774521816	3.91779146972689	
