8/30/2024
Time (s)	Frequency (Hz)	Z' (Ω)	-Z'' (Ω)	Z (Ω)	-Phase (°)	OCP value (V)
5.78220498540134	50000	21.4196161910673	2.91082642612792	21.6164952815131	7.73882384001386	-0.0422695159912109
8.72624797796834	14100	25.8630591445233	12.59113112935	28.7651596802382	25.958599067937	
10.2782709740499	3976.4	29.5631492014841	39.8318608807593	49.6040011685889	53.4172491119424	
14.8223389625772	2846.07	30.9592210114079	55.3015542133525	63.3777189873978	60.7587848511441	
14.8223389625772	2213.61	35.4659662841186	69.4520972915533	77.9835148134631	62.9487057652068	
14.8223389625772	1581.15	43.5951437167031	94.8490129579367	104.388082723915	65.3152229492517	
11.8702949700304	1121.4	60.4755235851791	128.826011664258	142.314546811705	64.8529652980759	
14.8223389625772	948.69	71.9301971008456	147.611329555632	164.204317446734	64.0202780253454	
16.3843629586335	802.602	86.3836403663631	169.12759548474	189.911234205339	62.9438644438025	
16.3843629586335	624.246	117.19527079758	201.355687065178	232.978205441642	59.7992640622181	
16.3843629586335	445.89	175.119484121593	244.943669479926	301.10502310208	54.437590922536	
14.8223389625772	316.23	253.977875419684	276.227889173972	375.242065819125	47.4029997587688	
16.3843629586335	267.534	297.737449644195	284.238452179132	411.629793161062	43.6712561146837	
18.2063909540333	226.341	342.44436788231	285.948874101359	446.133280191189	39.8626529993766	
18.2063909540333	176.043	408.255696799071	275.441051283079	492.483996390565	34.006665383585	
18.2063909540333	125.745	483.798762466198	246.516153100784	542.983845342966	27.0007870527212	
16.3843629586335	89.178	543.049318852667	204.565783977276	580.301406753924	20.6413090711931	
18.2063909540333	75.447	563.240004889667	183.667952916738	592.429928376966	18.0607233159625	
20.5884259480192	63.8289	577.729297905072	165.248348634671	600.897793625815	15.9621584995386	
20.5884259480192	49.6447	598.317930239019	137.733710807369	613.966546921143	12.9637314244738	
20.5884259480192	35.4605	617.160056060042	108.193851299165	626.571978510833	9.94343543749704	
18.2063909540333	25.149	631.231700441885	84.6613398673923	636.883821517626	7.63897270408712	
20.5884259480192	21.2763	634.086705659799	75.2563176947494	638.536971245573	6.76846406814779	
23.220464941374	18	640.024112593466	68.3542681917178	643.663864669347	6.096054367175	
23.220464941374	14	641.916321203601	57.1831331586659	644.458279600321	5.09058037781939	
23.220464941374	10	648.257635061188	51.0836214102513	650.267251052604	4.50567786404856	
20.5884259480192	7.0921	656.156143173356	44.4885373468471	657.66261424791	3.87881786902111	
23.220464941374	6	660.279721530117	38.3064863331669	661.389973887631	3.32032389101933	
23.220464941374	2	683.129574388585	18.0895650518863	683.369042149332	1.51686241178082	
