9/4/2024
Time (s)	Frequency (Hz)	Z' (Ω)	-Z'' (Ω)	Z (Ω)	-Phase (°)	OCP value (V)
7.187226981854	50000	22.4041339750694	2.85825291579786	22.585721792839	7.27035140928694	-0.0190095901489258
11.3512889713408	14100	27.0525263244726	12.9793442428071	30.0050422014296	25.6309034276267	
13.6533209655287	3976.4	32.0355985810069	39.3384476424075	50.7325638949763	50.8420589082526	
20.0224199494482	2846.07	35.0751769949328	53.4909943860015	63.9652602717217	56.7462962590906	
20.0224199494482	2213.61	39.2189605484909	68.3788475355127	78.8276198853484	60.1634014253444	
20.0224199494482	1581.15	47.8106056804744	91.8136480716362	103.51618225068	62.4924168263219	
15.880356959906	1121.4	65.2371988991912	122.500266337335	138.78835460128	61.9625827743329	
20.0224199494482	948.69	76.9653890988591	140.100882848002	159.849705955089	61.2175025605977	
22.2194519439013	802.602	92.2549959816438	158.132952169329	183.076527292169	59.7406503440226	
22.2194519439013	624.246	121.580842975314	186.670703227106	222.773097168151	56.9233247075321	
22.2194519439013	445.89	175.481459755346	221.496318479974	282.585140830245	51.6118155283666	
20.0224199494482	316.23	246.571441703025	246.166276121993	348.418299409313	44.9528871614141	
22.2194519439013	267.534	283.686522047041	250.558729878519	378.494015685166	41.4517129241559	
24.7614919374832	226.341	322.559103674371	250.487720888239	408.397445730256	37.831619267603	
24.7614919374832	176.043	376.604928350626	242.555232573455	447.955704179267	32.7838643072726	
24.7614919374832	125.745	441.991392528536	216.527809488568	492.179523498521	26.0998390630926	
22.2194519439013	89.178	492.051897984782	184.32892597905	525.444786122211	20.5365915910279	
24.7614919374832	75.447	509.730845295844	169.50726282551	537.176178545374	18.3941683146222	
27.8485369296892	63.8289	528.760286217451	157.041801588391	551.588222976967	16.5414191724793	
27.8485369296892	49.6447	543.539998766917	130.702134177681	559.033789799991	13.5209010393406	
27.8485369296892	35.4605	564.425122447373	108.992792877254	574.852283416284	10.9295227863587	
24.7614919374832	25.149	577.197388025607	91.0837519519378	584.339862249038	8.96752465592135	
27.8485369296892	21.2763	585.004292263765	85.52482912055	591.222900743136	8.31744651151695	
31.2955899209862	18	589.972162280019	82.2273258109175	595.674815125985	7.93448168232843	
31.2955899209862	14	598.774255052218	75.2813255444027	603.488099707907	7.16595378960388	
31.2955899209862	10	611.532082891775	69.0871749203468	615.422234034835	6.44559940827874	
27.8485369296892	7.0921	624.181229940584	63.7406326898625	627.427347240972	5.83076358669165	
31.2955899209862	6	631.250553574606	62.2627354380368	634.313731218609	5.63308873304786	
31.2955899209862	2	669.461895678185	42.4567571120392	670.806832098109	3.62879435326026	
